11111111111111111111111111111111111111111111111111111111111111111111111111111111111111111111111111111111111111111111111111111111
11111111111111111111111111111111111111111111111111111111111111111111111111111111111111111111111111111111111111111111111111111111
11111111111111111111111111111111111111111111111111111111111111111111111111111111111111111111111111111111111111111111111111111111
11122222222222222222222222222222222222222222222222222222222222222222222222222222222222222222222222222222222222222222222222222111
11122222222222222222222222222222222222222222222222222222222222222222222222222222222222222222222222222222222222222222222222222111
11122222222222222222222222222222222222222222222222222222222222222222222222222222222222222222222222222222222222222222222222222111
11122222222222222222222222222222222222222222222222222222222222222222222222222222222222222222222222222222222222222222222222222111
11122222222222222222222222222222222000000000000000002222222222222222222222222222222222222222222222222222222222222222222222222111
11122222222222222222222222222222222000000000000000000222222222222222222222222222222222222222222222222222222222222222222222222111
11122222222222222222222222222222222000000000000000000022222222222222222222222222222222222222222222222222222222222222222222222111
11122222222222222222222222222222222000000000000000000002222222222222222222222222222222222222222222222222222222222222222222222111
11122222222222222222222222222222222000000000000000000000222222222222222222222222222222222222222222222222222222222222222222222111
11122222222222222222222222222222222000000000000000000000022222222222222222222222222222222222222222222222222222222222222222222111
11122222222222222222222222222222222000000000000000000000002222222222222222222222222222222222222222222222222222222222222222222111
11122222222222222222222222222222222000000000000000000000000222222222222222222222222222222222222222222222222222222222222222222111
11122222222222222222222222222222222000000000000000000000000022222222222222222222222222222222222222222222222222222222222222222111
11122222222222222222222222222222222000000000000000000000000002222222222222222222222222222222222222222222222222222222222222222111
11122222222222222222222222222222222000000000000000000000000000222222222222222222222222222222222222222222222222222222222222222111
11122222222222222222222222222222222000000000000000000000000000022222222222222222222222222222222222222222222222222222222222222111
11122222222222222222222222222222222000000000000000000000000000002222222222222222222222222222222222222222222222222222222222222111
11122222222222222222222222222222222000000000000000000000000000000222222222222222222222222222222222222222222222222222222222222111
11122222222222222222222222222222222000000000000000000000000000000022222222222222222222222222222222222222222222222222222222222111
11122222222222222222222222222222222000000000000000002000000000000002222222222222222222222222222222222222222222222222222222222111
11122222222222222222222222222222222000000000000000002200000000000000222222222222222222222222222222222222222222222222222222222111
11122222222222222222222222222222222000000000000000002220000000000000022222222222222222222222222222222222222222222222222222222111
11122222222222222222222222222222222000000000000000002222000000000000002222222222222222222222222222222222222222222222222222222111
11122222222222222222222222222222222000000000000000002222200000000000000222222222222222222222222222222222222222222222222222222111
11122222222222222222222222222222222000000000000000002222220000000000000022222222222222222222222222222222222222222222222222222111
11122222222222222222222222222222222000000000000000002222222000000000000002222222222222222222222222222222222222222222222222222111
11122222222222222222222222222222222000000000000000002222222200000000000000222222222222222222222222222222222222222222222222222111
11122222222222222222222222222222222000000000000000002222222220000000000000022222222222222222222222222222222222222222222222222111
11122222222222222222222222222222222000000000000000002222222222000000000000002222222222222222222222222222222222222222222222222111
11122222222222222222222222222222222000000000000000002222222222200000000000000022222222222222222222222222222222222222222222222111
11122222222222222222222222222222222000000000000000002222222222220000000000000002222222222222222222222222222222222222222222222111
11122222222222222222222222222222222000000000000000002222222222222000000000000000222222222222222222222222222222222222222222222111
11122222222222222222222222222222222000000000000000002221111111222200000000000000022222222222222222222222222222222222222222222111
11122222222222222222222222222222222000000000000000002221111111222220000000000000002222222222222222222222222222222222222222222111
11122222222222222222222222222222222000000000000000002221111111222222000000000000000000000000000000000000000000000000000000222111
11122222222222222222222222222222222000000000000000002221111111222222200000000000000000000000000000000000000000000000000000222111
11122222222222222222222222222222222000000000000000002221111111222222220000000000000000000000000000000000000000000000000000222111
11122222222222222222222222222222222000000000000000002221111111222222222000000000000000000000000000000000000000000000000000222111
11122222222222222222222222222222222000000000000000002221111111222222222200000000000000000000000000000000000000000000000000222111
11122222222222222222222222222222222000000000000000002221111111222222222220000000000000000000000000000000000000000000000000222111
11122222222222222222222222222222222000000000000000002221111111222222222222000000000000000000000000000000000000000000000000222111
11122222222222222222222222222222222000000000000000002221111111111111111222200000000000000000000000000000000000000000000000222111
11122222222222222222222222222222222000000000000000002221111111111111111222220000000000000000000000000000000000000000000000222111
11122222222222222222222222222222222000000000000000002221111111111111111222222000000000000000000000000000000000000000000000222111
11122222222222222222222222222222222000000000000000002221111111111111111222222200000000000000000000000000000000000000000000222111
11122222222222222222222222222222222000000000000000002221111111111111111222222200000000000000000000000000000000000000000000222111
11122222222222222222222222222222222000000000000000002221111111111111111222222220000000000000000000000000000000000000000000222111
11122222222222222222222222222222222000000000000000002221111111111111111222222222000000000000000000000000000000000000000000222111
11122222222222222222222222222222222000000000000000002221111111111111111222222222200000000000000000000000000000000000000000222111
11122222222222222222222222222222222000000000000000002221111111111111111222222222220000000000000000000000000000000000000000222111
11122222222222222222222222222222222000000000000000002221111111111111111222222222222000000000000000000000000000000000000000222111
11122222222222222222222222222222222000000000000000002221111111111111111222222222222222222222222222222222200000000000000000222111
11122222222222222222222222222222222000000000000000002221111111111111111222222222222222222222222222222222200000000000000000222111
11122222222222222222222222222222222000000000000000002221111111111111111111111111111111111111111111111122200000000000000000222111
11122222222222222222222222222222222000000000000000002221111111111111111111111111111111111111111111111122200000000000000000222111
11122222222222222222222222222222222000000000000000002221111111111111111111111111111111111111111111111122200000000000000000222111
11122222222222222222222222222222222000000000000000002221111111111111111111111111111111111111111111111122200000000000000000222111
11122222222222222222222222222222222000000000000000002221111111111111111111111111111111111111111111111122200000000000000000222111
11122222222222222222222222222222222000000000000000002221111111111111111111111111111111111111111111111122200000000000000000222111
11122222222222222222222222222222222000000000000000002221111111111111111111111111111111111111111111111122200000000000000000222111
11122222222222222222222222222222222000000000000000002221111111111111111111111111111111111111111111111122200000000000000000222111
11122222222222222222222222222222222000000000000000002221111111111111111111111111111111111111111111111122200000000000000000222111
11122222200000000000000000000000000000000000000000002221111111111111111111111111111111111111111111111122200000000000000000222111
11122222200000000000000000000000000000000000000000002221111111111111111111111111111111111111111111111122200000000000000000222111
11122222200000000000000000000000000000000000000000002221111111111111111111111111111111111111111111111122200000000000000000222111
11122222200000000000000000000000000000000000000000002221111111111111111111111111111111111111111111111122200000000000000000222111
11122222200000000000000000000000000000000000000000002221111111111111111111111111111111111111111111111122200000000000000000222111
11122222200000000000000000000000000000000000000000002221111111111111111111111111111111111111111111111122200000000000000000222111
11122222200000000000000000000000000000000000000000002221111111111111111111111111111111111111111111111122200000000000000000222111
11122222200000000000000000000000000000000000000000002221111111111111111111111111111111111111111111111122200000000000000000222111
11122222200000000000000000000000000000000000000000002221111111111111111111111111111111111111111111111122200000000000000000222111
11122222200000000000000000000000000000000000000000002221111111111111111111111111111111111111111111111122200000000000000000222111
11122222200000000000000000000000000000000000000000002221111111111111111111111111111111111111111111111122200000000000000000222111
11122222200000000000000000000000000000000000000000002221111111111111111111111111111111111111111111111122200000000000000000222111
11122222200000000000000000000000000000000000000000002221111111111111111111111111111111111111111111111122200000000000000000222111
11122222200000000000000000000000000000000000000000002221111111111111111111111111111111111111111111111122200000000000000000222111
11122222200000000000000000000000000000000000000000002221111111111111111111111111111111111111111111111122200000000000000000222111
11122222200000000000000000000000000000000000000000002221111111111111111111111111111111111111111111111122200000000000000000222111
11122222200000000000000000000000000000000000000000002221111111111111111111111111111111111122222222222222200000000000000000222111
11122222200000000000000000222222222222222222222222222221111111111111111111111111111111111122222222222222200000000000000000222111
11122222200000000000000000222222222222222222222222222221111111111111111111111111111111111122222222222222200000000000000002222111
11122222200000000000000000221111111111111111111111111111111111111111111111111111111111111122222222222222000000000000000022222111
11122222200000000000000000221111111111111111111111111111111111111111111111111111111111111122222222222220000000000000002222222111
11122222200000000000000000221111111111111111111111111111111111111111111111111111111111111122222222222200000000000000022222222111
11122222200000000000000000221111111111111111111111111111111111111111111111111111111111111122222222222000000000000000222222222111
11122222200000000000000000221111111111111111111111111111111111111111111111111111111111111122222222220000000000000002222222222111
11122222200000000000000000221111111111111111111111111111111111111111111111111111111111111122222222000000000000000022222222222111
11122222200000000000000000221111111111111111111111111111111111111111111111111111111111111122222220000000000000000222222222222111
11122222200000000000000000221111111111111111111111111111111111111111111111111111111111111122222200000000000000002222222222222111
11122222200000000000000000221111111111111111111111111111111111111111111111111111111111111122222000000000000000022222222222222111
11122222200000000000000000221111111111111111111111111111111111111111111111111111111111111122220000000000000000222222222222222111
11122222200000000000000000221111111111111111111111111111111111111111111111111222222222222222200000000000000002222222222222222111
11122222200000000000000000221111111111111111111111111111111111111111111111111222222222222222000000000000000022222222222222222111
11122222200000000000000000221111111111111111111111111111111111111111111111111222222222222220000000000000000222222222222222222111
11122222200000000000000000221111111111111111111111111111111111111111111111111222222222222000000000000000002222222222222222222111
11122222200000000000000000221111111111111111111111111111111111111111111111111222222222220000000000000000222222222222222222222111
11122222200000000000000000221111111111111111111111111111111111111111111111111222222222200000000000000002222222222222222222222111
11122222200000000000000000221111111111111111111111111111111111111111111111111222222222000000000000000022222222222222222222222111
11122222200000000000000000221111111111111111111111111111111111111111111111111222222220000000000000000222222222222222222222222111
11122222200000000000000000222222222222222222222222222222222222222222222222222222222200000000000000002222222222222222222222222111
11122222200000000000000000222222222222222222222222222222222222222222222222222222222000000000000000022222222222222222222222222111
11122222200000000000000000222222222222222222222222222222222222222222222222222222200000000000000000222222222222222222222222222111
11122222200000000000000000000000000000000000000000000000000000000000000000000000000000000000000002222222222222222222222222222111
11122222200000000000000000000000000000000000000000000000000000000000000000000000000000000000000022222222222222222222222222222111
11122222200000000000000000000000000000000000000000000000000000000000000000000000000000000000000222222222222222222222222222222111
11122222200000000000000000000000000000000000000000000000000000000000000000000000000000000000002222222222222222222222222222222111
11122222200000000000000000000000000000000000000000000000000000000000000000000000000000000000022222222222222222222222222222222111
11122222200000000000000000000000000000000000000000000000000000000000000000000000000000000000222222222222222222222222222222222111
11122222200000000000000000000000000000000000000000000000000000000000000000000000000000000022222222222222222222222222222222222111
11122222200000000000000000000000000000000000000000000000000000000000000000000000000000000222222222222222222222222222222222222111
11122222200000000000000000000000000000000000000000000000000000000000000000000000000000002222222222222222222222222222222222222111
11122222200000000000000000000000000000000000000000000000000000000000000000000000000000022222222222222222222222222222222222222111
11122222200000000000000000000000000000000000000000000000000000000000000000000000000000222222222222222222222222222222222222222111
11122222200000000000000000000000000000000000000000000000000000000000000000000000000002222222222222222222222222222222222222222111
11122222200000000000000000000000000000000000000000000000000000000000000000000000000022222222222222222222222222222222222222222111
11122222200000000000000000000000000000000000000000000000000000000000000000000000000222222222222222222222222222222222222222222111
11122222200000000000000000000000000000000000000000000000000000000000000000000000002222222222222222222222222222222222222222222111
11122222200000000000000000000000000000000000000000000000000000000000000000000000022222222222222222222222222222222222222222222111
11122222200000000000000000000000000000000000000000000000000000000000000000000000222222222222222222222222222222222222222222222111
11122222222222222222222222222222222222222222222222222222222222222222222222222222222222222222222222222222222222222222222222222111
11122222222222222222222222222222222222222222222222222222222222222222222222222222222222222222222222222222222222222222222222222111
11122222222222222222222222222222222222222222222222222222222222222222222222222222222222222222222222222222222222222222222222222111
11111111111111111111111111111111111111111111111111111111111111111111111111111111111111111111111111111111111111111111111111111111
11111111111111111111111111111111111111111111111111111111111111111111111111111111111111111111111111111111111111111111111111111111
11111111111111111111111111111111111111111111111111111111111111111111111111111111111111111111111111111111111111111111111111111111