11111111111111111111111111111111111111111111111111111111111111111111111111111111111111111111111111111111111111111111111111111111
11111111111111111111111111111111111111111111111111111111111111111111111111111111111111111111111111111111111111111111111111111111
11111111111111111111111111111111111111111111111111111111111111111111111111111111111111111111111111111111111111111111111111111111
11122222222222222222222222222222222222222222222222222222222222222222222222222222222222222222222222222222222222222222222222222111
11122222222222222222222222222222222222222222222222222222222222222222222222222222222222222222222222222222222222222222222222222111
11122222222222222222222222222222222222222222222222222222222222222222222222222222222222222222222222222222222222222222222222222111
11122222222222222222222222222222222222222222222222222222222222222222222222222222222222222222222222222222222222222222222222222111
11122222222222222222222222222222222222222222222222222222222222222222222222222222222222222222222222222222222222222222222222222111
11122222222222222222222222222222222222222222222222222222222222222222222222222222222222222222222222222222222222222222222222222111
11122222222222222222222222222222222222222222222222222222222222222222222222222222222222222222222222222222222222222222222222222111
11122222222222222222222222222222222222222222222222222222222222222222222222222222222222222222222222222222222222222222222222222111
11122222222222222222222222222222222222222222222222222222222222222222222222222222222222222222222222222222222222222222222222222111
11122222222222222222222222222222222222222222222222222222222222222222222222222222222222222222222222222222222222222222222222222111
11122222220000000000000000000000000000000000000000000000000000000000000000000000000000000000000000000000000000000000002222222111
11122222220000000000000000000000000000000000000000000000000000000000000000000000000000000000000000000000000000000000002222222111
11122222220000000000000000000000000000000000000000000000000000000000000000000000000000000000000000000000000000000000002222222111
11122222220000000000000000000000000000000000000000000000000000000000000000000000000000000000000000000000000000000000002222222111
11122222220000000000000000000000000000000000000000000000000000000000000000000000000000000000000000000000000000000000002222222111
11122222220000000000000000000000000000000000000000000000000000000000000000000000000000000000000000000000000000000000002222222111
11122222220000000000000000000000000000000000000000000000000000000000000000000000000000000000000000000000000000000000002222222111
11122222220000000000000000000000000000000000000000000000000000000000000000000000000000000000000000000000000000000000002222222111
11122222220000000000000000000000000000000000000000000000000000000000000000000000000000000000000000000000000000000000002222222111
11122222220000000000000000000000000000000000000000000000000000000000000000000000000000000000000000000000000000000000002222222111
11122222220000000000000000000000000000000000000000000000000000000000000000000000000000000000000000000000000000000000002222222111
11122222220000000000000000000000000000000000000000000000000000000000000000000000000000000000000000000000000000000000002222222111
11122222220000000000000000000000000000000000000000000000000000000000000000000000000000000000000000000000000000000000002222222111
11122222220000000000000000000000000000000000000000000000000000000000000000000000000000000000000000000000000000000000002222222111
11122222220000000000000000000000000000000000000000000000000000000000000000000000000000000000000000000000000000000000002222222111
11122222220000000000000000000000000000000000000000000000000000000000000000000000000000000000000000000000000000000000002222222111
11122222220000000000000000000000000000000000000000000000000000000000000000000000000000000000000000000000000000000000002222222111
11122222220000000000000000000000000000000000000000000000000000000000000000000000000000000000000000000000000000000000002222222111
11122222220000000000000000000000000000000000000000000000000000000000000000000000000000000000000000000000000000000000002222222111
11122222220000000000000000000000000000000000000000000000000000000000000000000000000000000000000000000000000000000000002222222111
11122222220000000000000000000000000000000000000000000000000000000000000000000000000000000000000000000000000000000000002222222111
11122222220000000000000000000000000000000000000000000000000000000000000000000000000000000000000000000000000000000000002222222111
11122222220000000000000000000000000000000000000000000000000000000000000000000000000000000000000000000000000000000000002222222111
11122222220000000000000000000000000000000000000000000000000000000000000000000000000000000000000000000000000000000000002222222111
11122222220000000000000000000000222222222222222222222222222222222222222222222222222222222222222222222000000000000000002222222111
11122222220000000000000000000000222222222222222222222222222222222222222222222222222222222222222222222000000000000000002222222111
11122222220000000000000000000000222222222222222222222222222222222222222222222222222222222222222222222000000000000000002222222111
11122222220000000000000000000000222222222222222222222222222222222222222222222222222222222222222222222000000000000000002222222111
11122222220000000000000000000000222222222222222222222222222222222222222222222222222222222222222222222000000000000000002222222111
11122222220000000000000000000000222222222222222222222222222222222222222222222222222222222222222222222000000000000000002222222111
11122222220000000000000000000000222222222222222222222222222222222222222222222222222222222222222222222000000000000000002222222111
11122222220000000000000000000000222222222222222222222222222222222222222222222222222222222222222222222000000000000000002222222111
11122222220000000000000000000000222222222222222222222222222222222222222222222222222222222222222222222000000000000000002222222111
11122222220000000000000000000000222222222222211111111111111111111111111111111111111111112222222222222000000000000000002222222111
11122222220000000000000000000000222222222222211111111111111111111111111111111111111111112222222222222000000000000000002222222111
11122222220000000000000000000000222222222222211111111111111111111111111111111111111111112222222222222000000000000000002222222111
11122222220000000000000000000000222222222222211111111111111111111111111111111111111111112222222222222000000000000000002222222111
11122222220000000000000000000000222222222222211111111111111111111111111111111111111111112222222222222000000000000000002222222111
11122222220000000000000000000000222222222222211111111111111111111111111111111111111111112222222222222000000000000000002222222111
11122222220000000000000000000000222222222222211111111111111111111111111111111111111111112222222222222000000000000000002222222111
11122222220000000000000000000000222222222222211111111111111111111111111111111111111111112222222222222000000000000000002222222111
11122222220000000000000000000000222222222222211111111111111111111111111111111111111111112222222222222000000000000000002222222111
11122222220000000000000000000000222222222222211111111111111111111111111111111111111111112222222222222000000000000000002222222111
11122222220000000000000000000000222222222222211111111111111111111111111111111111111111112222222222222000000000000000002222222111
11122222220000000000000000000000222222222222211111111111111111111111111111111111111111112222222222222000000000000000002222222111
11122222220000000000000000000000222222222222211111111111111111111111111111111111111111112222222222222000000000000000002222222111
11122222220000000000000000000000222222222222211111111111111111111111111111111111111111112222222222222000000000000000002222222111
11122222220000000000000000000000222222222222211111111111111111111111111111111111111111112222222222222000000000000000002222222111
11122222220000000000000000000000222222222222211111111111111111111111111111111111111111112222222222222000000000000000002222222111
11122222220000000000000000000000222222222222211111111111111111111111111111111111111111112222222222222000000000000000002222222111
11122222220000000000000000000000222222222222211111111111111111111111111111111111111111112222222222222000000000000000002222222111
11122222220000000000000000000000222222222222211111111111111111111111111111111111111111112222222222222000000000000000002222222111
11122222220000000000000000000000222222222222211111111111111111111111111111111111111111112222222222222000000000000000002222222111
11122222220000000000000000000000222222222222211111111111111111111111111111111111111111112222222222222000000000000000002222222111
11122222220000000000000000000000222222222222211111111111111111111111111111111111111111112222222222222000000000000000002222222111
11122222220000000000000000000000222222222222211111111111111111111111111111111111111111112222222222222000000000000000002222222111
11122222220000000000000000000000222222222222211111111111111111111111111111111111111111112222222222222000000000000000002222222111
11122222220000000000000000000000222222222222211111111111111111111111111111111111111111112222222222222000000000000000002222222111
11122222220000000000000000000000222222222222211111111111111111111111111111111111111111112222222222222000000000000000002222222111
11122222220000000000000000000000222222222222211111111111111111111111111111111111111111112222222222222000000000000000002222222111
11122222220000000000000000000000222222222222211111111111111111111111111111111111111111112222222222222000000000000000002222222111
11122222220000000000000000000000222222222222211111111111111111111111111111111111111111112222222222222000000000000000002222222111
11122222220000000000000000000000222222222222211111111111111111111111111111111111111111112222222222222000000000000000002222222111
11122222220000000000000000000000222222222222211111111111111111111111111111111111111111112222222222222000000000000000002222222111
11122222220000000000000000000000222222222222211111111111111111111111111111111111111111112222222222222000000000000000002222222111
11122222220000000000000000000000222222222222211111111111111111111111111111111111111111112222222222222000000000000000002222222111
11122222220000000000000000000000222222222222211111111111111111111111111111111111111111112222222222222000000000000000002222222111
11122222220000000000000000000000222222222222211111111111111111111111111111111111111111112222222222222000000000000000002222222111
11122222220000000000000000000000222222222222211111111111111111111111111111111111111111112222222222222000000000000000002222222111
11122222220000000000000000000000222222222222211111111111111111111111111111111111111111112222222222222000000000000000002222222111
11122222220000000000000000000000222222222222211111111111111111111111111111111111111111112222222222222000000000000000002222222111
11122222220000000000000000000000222222222222211111111111111111111111111111111111111111112222222222222000000000000000002222222111
11122222220000000000000000000000222222222222211111111111111111111111111111111111111111112222222222222000000000000000002222222111
11122222220000000000000000000000222222222222211111111111111111111111111111111111111111112222222222222000000000000000002222222111
11122222220000000000000000000000222222222222222222222222222222222222222222222222222222222222222222222000000000000000002222222111
11122222220000000000000000000000222222222222222222222222222222222222222222222222222222222222222222222000000000000000002222222111
11122222220000000000000000000000222222222222222222222222222222222222222222222222222222222222222222222000000000000000002222222111
11122222220000000000000000000000222222222222222222222222222222222222222222222222222222222222222222222000000000000000002222222111
11122222220000000000000000000000222222222222222222222222222222222222222222222222222222222222222222222000000000000000002222222111
11122222220000000000000000000000222222222222222222222222222222222222222222222222222222222222222222222000000000000000002222222111
11122222220000000000000000000000222222222222222222222222222222222222222222222222222222222222222222222000000000000000002222222111
11122222220000000000000000000000222222222222222222222222222222222222222222222222222222222222222222222000000000000000002222222111
11122222220000000000000000000000222222222222222222222222222222222222222222222222222222222222222222222000000000000000002222222111
11122222220000000000000000000000222222222222222222222222222222222222222222222222222222222222222222222000000000000000002222222111
11122222220000000000000000000000222222222222222222222222222222222222222222222222222222222222222222222000000000000000002222222111
11122222220000000000000000000000222222222222222222222222222222222222222222222222222222222222222222222000000000000000002222222111
11122222220000000000000000000000222222222222222222222222222222222222222222222222222222222222222222222000000000000000002222222111
11122222220000000000000000000000000000000000000000000000000000000000000000000000000000000000000000000000000000000000002222222111
11122222220000000000000000000000000000000000000000000000000000000000000000000000000000000000000000000000000000000000002222222111
11122222220000000000000000000000000000000000000000000000000000000000000000000000000000000000000000000000000000000000002222222111
11122222220000000000000000000000000000000000000000000000000000000000000000000000000000000000000000000000000000000000002222222111
11122222220000000000000000000000000000000000000000000000000000000000000000000000000000000000000000000000000000000000002222222111
11122222220000000000000000000000000000000000000000000000000000000000000000000000000000000000000000000000000000000000002222222111
11122222220000000000000000000000000000000000000000000000000000000000000000000000000000000000000000000000000000000000002222222111
11122222220000000000000000000000000000000000000000000000000000000000000000000000000000000000000000000000000000000000002222222111
11122222220000000000000000000000000000000000000000000000000000000000000000000000000000000000000000000000000000000000002222222111
11122222220000000000000000000000000000000000000000000000000000000000000000000000000000000000000000000000000000000000002222222111
11122222220000000000000000000000000000000000000000000000000000000000000000000000000000000000000000000000000000000000002222222111
11122222220000000000000000000000000000000000000000000000000000000000000000000000000000000000000000000000000000000000002222222111
11122222220000000000000000000000000000000000000000000000000000000000000000000000000000000000000000000000000000000000002222222111
11122222220000000000000000000000000000000000000000000000000000000000000000000000000000000000000000000000000000000000002222222111
11122222220000000000000000000000000000000000000000000000000000000000000000000000000000000000000000000000000000000000002222222111
11122222220000000000000000000000000000000000000000000000000000000000000000000000000000000000000000000000000000000000002222222111
11122222220000000000000000000000000000000000000000000000000000000000000000000000000000000000000000000000000000000000002222222111
11122222222222222222222222222222222222222222222222222222222222222222222222222222222222222222222222222222222222222222222222222111
11122222222222222222222222222222222222222222222222222222222222222222222222222222222222222222222222222222222222222222222222222111
11122222222222222222222222222222222222222222222222222222222222222222222222222222222222222222222222222222222222222222222222222111
11122222222222222222222222222222222222222222222222222222222222222222222222222222222222222222222222222222222222222222222222222111
11122222222222222222222222222222222222222222222222222222222222222222222222222222222222222222222222222222222222222222222222222111
11122222222222222222222222222222222222222222222222222222222222222222222222222222222222222222222222222222222222222222222222222111
11122222222222222222222222222222222222222222222222222222222222222222222222222222222222222222222222222222222222222222222222222111
11122222222222222222222222222222222222222222222222222222222222222222222222222222222222222222222222222222222222222222222222222111
11111111111111111111111111111111111111111111111111111111111111111111111111111111111111111111111111111111111111111111111111111111
11111111111111111111111111111111111111111111111111111111111111111111111111111111111111111111111111111111111111111111111111111111
11111111111111111111111111111111111111111111111111111111111111111111111111111111111111111111111111111111111111111111111111111111