11111111111111111111111111111111111111111111111111111111111111111111111111111111111111111111111111111111111111111111111111111111
11111111111111111111111111111111111111111111111111111111111111111111111111111111111111111111111111111111111111111111111111111111
11111111111111111111111111111111111111111111111111111111111111111111111111111111111111111111111111111111111111111111111111111111
11122222222222222222222222222222222222222222222222222222222222222222222222222222222222222222222222222222222222222222222222222111
11122222222222222222222222222222222222222222222222222222222222222222222222222222222222222222222222222222222222222222222222222111
11122222222222222222222222222222222222222222222222222222222222222222222222222222222222222222222222222222222222222222222222222111
11122222222222222222222222222222222222222222222222222222222222222222222222222222222222222222222222222222222222222222222222222111
11122222222222222222222222222222222222222222222222222222222222222222222222222222222222222222222222222222222222222222222222222111
11122222222222222222222222222222222222222222222222222222222222222222222222222222222222222222222222222222222222222222222222222111
11122222200000000000000000000000000222222222222222222222222222200000000000000222222222222222222222222222200000000000000022222111
11122222200000000000000000000000000222222222222222222222222222200000000000000222222222222222222222222222200000000000000022222111
11122222200000000000000000000000000222222222222222222222222222200000000000000222222222222222222222222222200000000000000022222111
11122222200000000000000000000000000000000000000000000000000000000000000000000222222222222222222222222222200000000000000022222111
11122222200000000000000000000000000000000000000000000000000000000000000000000000000000000000000000000000000000000000000022222111
11122222200000000000000000000000000000000000000000000000000000000000000000000000000000000000000000000000000000000000000022222111
11122222200000000000000000000000000000000000000000000000000000000000000000000000000000000000000000000000000000000000000022222111
11122222200000000000000000000000000000000000000000000000000000000000000000000000000000000000000000000000000000000000000022222111
11122222200000000000000000000000000000000000000000000000000000000000000000000000000000000000000000000000000000000000002222222111
11122222200000000000000000002222222200000000000022222222222222222222220000000000000000000000222222220000000000000000002222222111
11122222200000000000000000002222222222222222222222222222222222222222222222222222222222222222222222222222200000000000002222222111
11122222200000000000000000002222222222222222222222222222222222222222222222222222222222222222222222222222200000000000002222222111
11122222200000000000000000002222222222222222222222222222222222222222222222222222222222222222222222222222000000000000002222222111
11122222200000000000000000002222222211111111111111111111111111111111111111111111111111111111111111111220000000000000002222222111
11122222200000000000000000002222222211111111111111111111111111111111111111111111111111111111111111111222000000000000002222222111
11122222200000000000000000002222222211111111111111111111111111111111111111111111111111111111111111111222000000000000022222222111
11122222200000000000000000002222222211111111111111111111111111122222222222222222222222222222222222222222000000000000022222222111
11122222200000000000000000002222222211111111111111111111111111122222222222222222222222220022222222222200000000000000022222222111
11122222200000000000000000002222222211111111111111111111111111122222222222222222220000000000000000000000000000000000222222222111
11122222200000000000000000002222222211111111111111111111111111122222222222222000000000000000000000000000000000000000222222222111
11122222200000000000000000002222222211111111111111111111111111122222222222000000000000000000000000000000000000000002222222222111
11122222200000000000000000002222222211111111111111111111111111122222222200000000000000000000000000000000000000000002222222222111
11122222200000000000000000002222222211111111111111111111111111122222222000000000000000000000000000000000000000000022222222222111
11122222200000000000000000002222222211111111111111111111111111122222220000000000000000000000000000000000000000000222222222222111
11122222200000000000000000002222222211111111111111111111111111122222220000000000000000000000000000000000000000002222222222222111
11122222200000000000000000002222222211111111111111111111111111122222200000000000000000000000000000000000000000222222222222222111
11122222200000000000000000002222222211111111111111111111111111122222200000000000000000000000000000000022222222222222222222222111
11122222200000000000000000002222222211111111111111111111111111122222200000000000000000000000000000222222222222222222222222222111
11122222200000000000000000002222222211111111111111111111111111122222000000000000000000000000222222222222222222222222222222222111
11122222200000000000000000002222222211111111111111111111111111122222000000000000000000022222222222222222222222222222222222222111
11122222200000000000000000002222222211111111111111111111111111122222000000000000000022222222222222222222222222222222222222222111
11122222200000000000000000002222222211111111111111111111111111122222000000000000002222222222222222222222222222222222222222222111
11122222200000000000000000002222222211111111111111111111111111122222000000000000022222222222222222222222222222222222222222222111
11122222200000000000000000002222222211111111111111111111111111122222000000000000222222221111111111111111111111111111111111111111
11122222200000000000000000002222222211111111111111111111111111122222000000000000222222221111111111111111111111111111111111111111
11122222200000000000000000002222222211111111111111111111111111122222000000000002222222221111111111111111111111111111111111111111
11122222200000000000000000002222222211111111111111111111111111122222000000000002222222222222222222222222222222222222222222222111
11122222200000000000000000002222222211111111111111111111111111122222000000000000022222222222222222222222222222222222222222222111
11122222200000000000000000002222222211111111111111111111111111122222000000000000002222222222222222222222222222222222222222222111
11122222200000000000000000002222222211111111111111111111111111122222000000000000000002222222222222222222222222222222222222222111
11122222200000000000000000002222222211111111111111111111111111122222000000000000000000000022222222222222222222222222222222222111
11122222200000000000000000002222222211111111111111111111111111122222000000000000000000000000022222222222222222222222222222222111
11122222200000000000000000002222222211111111111111111111111111122222000000000000000000000000000222222222222222222222222222222111
11122222200000000000000000002222222211111111111111111111111111122222000000000000000000000000000000022222222222222222222222222111
11122222200000000000000000002222222211111111111111111111111111122222000000000000000000000000000000000222222222222222222222222111
11122222200000000000000000002222222211111111111111111111111111122222000000000000000000000000000000000000022222222222222222222111
11122222200000000000000000002222222211111111111111111111111111122222220000000000000000000000000000000000000222222222222222222111
11122222200000000000000000002222222211111111111111111111111111122222222000000000000000000000000000000000000000222222222222222111
11122222200000000000000000002222222211111111111111111111111111122222222200000000000000000000000000000000000000022222222222222111
11122222200000000000000000002222222211111111111111111111111111122222222222220000000000000000000000000000000000000222222222222111
11122222200000000000000000002222222211111111111111111111111111122222222222222222000000000000000000000000000000000022222222222111
11122222200000000000000000002222222211111111111111111111111111122222222222222222222000000000000000000000000000000002222222222111
11122222200000000000000000002222222211111111111111111111111111122222222222222222222220000000000000000000000000000002222222222111
11122222200000000000000000002222222211111111111111111111111111122222222222222222222222222000000000000000000000000000222222222111
11122222200000000000000000002222222211111111111111111111111111122222222222222222222222222222000000000000000000000000222222222111
11122222200000000000000000002222222211111111111111111111111111122222222222222222222222222222222000000000000000000000222222222111
11122222200000000000000000002222222211111111111111111111111111111111111111111111111111111111122222000000000000000000222222222111
11122222200000000000000000002222222211111111111111111111111111111111111111111111111111111111122222220000000000000000222222222111
11122222200000000000000000002222222211111111111111111111111111111111111111111111111111111111122222222200000000000000222222222111
11122222200000000000000000002222222211111111111111111111111111122222222222222222222222222222222222222220000000000000222222222111
11122222200000000000000000002222222211111111111111111111111111122222222222222222222222222222222222222200000000000000222222222111
11122222200000000000000000002222222211111111111111111111111111122222222222222222222222222222222222220000000000000000222222222111
11122222200000000000000000002222222211111111111111111111111111122222222222222222222222222222222200000000000000000000222222222111
11122222200000000000000000002222222211111111111111111111111111122222222222222222222222220000000000000000000000000000222222222111
11122222200000000000000000002222222211111111111111111111111111122222222222222220000000000000000000000000000000000000222222222111
11122222200000000000000000002222222211111111111111111111111111122222222222220000000000000000000000000000000000000000222222222111
11122222200000000000000000002222222211111111111111111111111111122222222222000000000000000000000000000000000000000000222222222111
11122222200000000000000000002222222211111111111111111111111111122222222000000000000000000000000000000000000000000000222222222111
11122222200000000000000000002222222211111111111111111111111111122222220000000000000000000000000000000000000000000002222222222111
11122222200000000000000000002222222211111111111111111111111111122222000000000000000000000000000000000000000000000022222222222111
11122222200000000000000000002222222211111111111111111111111111122220000000000000000000000000000000000000000000002222222222222111
11122222200000000000000000002222222211111111111111111111111111122220000000000000000000000000000000000000000002222222222222222111
11122222200000000000000000002222222211111111111111111111111111122220000000000000000000000000000000000000022222222222222222222111
11122222200000000000000000002222222211111111111111111111111111122220000000000000000000000000000002222222222222222222222222222111
11122222200000000000000000002222222211111111111111111111111111122220000000000000000000000222222222222211111111111111111111111111
11122222200000000000000000002222222211111111111111111111111111122220000000000000000000022222222222222211111111111111111111111111
11122222200000000000000000002222222211111111111111111111111111122220000000000000000000000000002222222211111111111111111111111111
11122222200000000000000000002222222211111111111111111111111111122220000000000000000000000000000000222222222222222222222222222111
11122222200000000000000000002222222211111111111111111111111111122220000000000000000000000000000000000222222222222222222222222111
11122222200000000000000000002222222211111111111111111111111111122220000000000000000000000000000000000000222222222222222222222111
11122222200000000000000000002222222211111111111111111111111111122220000000000000000000000000000000000000000002222222222222222111
11122222200000000000000000002222222211111111111111111111111111122220000000000000000000000000000000000000000000002222222222222111
11122222200000000000000000002222222211111111111111111111111111122220000000000000000000000000000000000000000000000222222222222111
11122222200000000000000000002222222211111111111111111111111111122222200000000000000000000000000000000000000000000002222222222111
11122222200000000000000000002222222211111111111111111111111111122222222200000000000000000000000000000000000000000000222222222111
11122222200000000000000000002222222211111111111111111111111111122222222222222000000000000000000000000000000000000000022222222111
11122222200000000000000000002222222211111111111111111111111111122222222222222222222220000000000000000000000000000000022222222111
11122222200000000000000000002222222211111111111111111111111111122222222222222222222222222000000000000000000000000000022222222111
11122222200000000000000000002222222211111111111111111111111111122222222222222222222222222222000000000000000000000000022222222111
11122222200000000000000000000022222211111111111111111111111111122222222222222222222222222222220000000000000000000000022222222111
11122222200000000000000000000022222211111111111111111111111111122222222222222222222222222222222222220000000000000000002222222111
11122222200000000000000000000222222211111111111111111111111111122222222222222222222222222222222222222200000000000000002222222111
11122222200000000000000000000222222211111111111111111111111111111111111111111111111111111111111222222222000000000000002222222111
11122222200000000000000000000222222211111111111111111111111111111111111111111111111111111111111222222222220000000000002222222111
11122222200000000000000000000222222211111111111111111111111111111111111111111111111111111111111222222222220000000000002222222111
11122222200000000000000000000222222222222222222222222222222222222222222222222222222222222222222222222222000000000000002222222111
11122222200000000000000000000222222222222222222222222222222222222222222222222222222222222222222222222220000000000000002222222111
11122222200000000000000000000222222222222222222222222222222222222222222222222222222222222222222222222000000000000000002222222111
11122222200000000000000000000000000000000000022222222222222222222222222222222222222222222222222222200000000000000000002222222111
11122222200000000000000000000000000000000000000000000000000000000002222222222222222222222222222000000000000000000000002222222111
11122222200000000000000000000000000000000000000000000000000000000002222222222222222222222222222000000000000000000000002222222111
11122222200000000000000000000000000000000000000000000000000000000002222222222222222222222222222000000000000000000000002222222111
11122222200000000000000000000000000000000000000000000000000000000002222222222222222222222222222000000000000000000000002222222111
11122222200000000000000000000000000000000000000000000000000000000002222222222222222222222222222000000000000000000000222222222111
11122222200000000000000000000000000000000000000000000000000000000000000000000000000000000000000000000000000000000002222222222111
11122222200000000000000000000000000000000000000000000000000000000000000000000000000000000000000000000000000000000022222222222111
11122222200000000000000000000000000000000000000000000000000000000000000000000000000000000000000000000000000000002222222222222111
11122222200000000000000000000000022222222222222222222222222000000000000000000000000000000000000000000000000000002222222222222111
11122222200000000000000000000000022222222222222222222222222000000000000000000000000000000000000000000000000000002222222222222111
11122222200000000000000000000000022222222222222222222222222000000000000000000000000000000000000000000000002222222222222222222111
11122222200000000000000000000000022222222222222222222222222000000000000000000000000000000000000000022222222222222222222222222111
11122222222222222222222222222222222222222222222222222222222222222222222222222222222222222222222222222222222222222222222222222111
11122222222222222222222222222222222222222222222222222222222222222222222222222222222222222222222222222222222222222222222222222111
11122222222222222222222222222222222222222222222222222222222222222222222222222222222222222222222222222222222222222222222222222111
11122222222222222222222222222222222222222222222222222222222222222222222222222222222222222222222222222222222222222222222222222111
11122222222222222222222222222222222222222222222222222222222222222222222222222222222222222222222222222222222222222222222222222111
11111111111111111111111111111111111111111111111111111111111111111111111111111111111111111111111111111111111111111111111111111111
11111111111111111111111111111111111111111111111111111111111111111111111111111111111111111111111111111111111111111111111111111111
11111111111111111111111111111111111111111111111111111111111111111111111111111111111111111111111111111111111111111111111111111111