11111111111111111111111111111111111111111111111111111111111111111111111111111111111111111111111111111111111111111111111111111111
11111111111111111111111111111111111111111111111111111111111111111111111111111111111111111111111111111111111111111111111111111111
11111111111111111111111111111111111111111111111111111111111111111111111111111111111111111111111111111111111111111111111111111111
11122222222222222222222222222222222222222222222222222222222111111111122222222222222222222222222222222222222222222222222222222111
11122222222222222222222222222222222222222222222222222222222111111111122222222222222222222222222222222222222222222222222222222111
11122222222222222222222222222222222222222222222222222222222111111111122222222222222222222222222222222222222222222222222222222111
11122222222222222222222222222222222222222222222222222222222111111111122222222222222222222222222222222222222222222222222222222111
11122222222222222222222222222222222222222222222222222222222111111111122222222222222222222222222222222222222222222222222222222111
11122222222222222222222222222222222222222222222222222222222111111111122222222222222222222222222222222222222222222222222222222111
11122222200000000000000000000000000000000000000002222222222111111111122222222220000000000000000000000000000000000000000222222111
11122222200000000000000000000000000000000000000002222222222111111111122222222220000000000000000000000000000000000000000222222111
11122222200000000000000000000000000000000000000002222222222111111111122222222220000000000000000000000000000000000000000222222111
11122222200000000000000000000000000000000000000002222222222111111111122222222220000000000000000000000000000000000000000222222111
11122222200000000000000000000000000000000000000002222222222111111111122222222220000000000000000000000000000000000000000222222111
11122222200000000000000000000000000000000000000002222222222111111111122222222220000000000000000000000000000000000000000222222111
11122222200000000000000000000000000000000000000000222222222111111111122222222200000000000000000000000000000000000000000222222111
11122222200000000000000000000000000000000000000000222222222111111111122222222200000000000000000000000000000000000000000222222111
11122222200000000000000000000000000000000000000000222222222111111111122222222200000000000000000000000000000000000000000222222111
11122222200000000000000000000000000000000000000000222222222111111111122222222200000000000000000000000000000000000000000222222111
11122222200000000000000000000000000000000000000000222222222111111111122222222200000000000000000000000000000000000000000222222111
11122222200000000000000000000000000000000000000000022222222111111111122222222000000000000000000000000000000000000000000222222111
11122222200000000000000000000000000000000000000000022222222111111111122222222000000000000000000000000000000000000000000222222111
11122222200000000000000000000000000000000000000000022222222111111111122222222000000000000000000000000000000000000000000222222111
11122222200000000000000000000000000000000000000000022222222111111111122222222000000000000000000000000000000000000000000222222111
11122222200000000000000000000000000000000000000000022222222111111111122222222000000000000000000000000000000000000000000222222111
11122222200000000000000000000000000000000000000000022222222111111111122222222000000000000000000000000000000000000000000222222111
11122222200000000000000000000000000000000000000000002222222111111111122222220000000000000000000000000000000000000000000222222111
11122222200000000000000000000000000000000000000000002222222111111111122222220000000000000000000000000000000000000000000222222111
11122222200000000000000000000000000000000000000000002222222111111111122222220000000000000000000000000000000000000000000222222111
11122222200000000000000000000222222222220000000000002222222111111111122222220000000000002222222222200000000000000000000222222111
11122222200000000000000000000222222222220000000000002222222111111111122222220000000000002222222222200000000000000000000222222111
11122222200000000000000000000222222222220000000000000222222111111111122222200000000000002222222222200000000000000000000222222111
11122222200000000000000000000222222222222000000000000222222111111111122222200000000000022222222222200000000000000000000222222111
11122222200000000000000000000222221111122000000000000222222111111111122222200000000000022222222222200000000000000000000222222111
11122222200000000000000000000222221111122000000000000222222111111111122222200000000000022222222222200000000000000000000222222111
11122222200000000000000000000222221111122200000000000222222111111111122222200000000000022111112222200000000000000000000222222111
11122222200000000000000000000222221111122200000000000222222111111111122222200000000000222111112222200000000000000000000222222111
11122222200000000000000000000222221111122200000000000022222111111111122222000000000000222111112222200000000000000000000222222111
11122222200000000000000000000222221111122200000000000022222111111111122222000000000000222111112222200000000000000000000222222111
11122222200000000000000000000222221111122220000000000022222111111111122222000000000002222111112222200000000000000000000222222111
11122222200000000000000000000222221111122220000000000022222111111111122222000000000002222111112222200000000000000000000222222111
11122222200000000000000000000222221111122220000000000022222111111111122222000000000002222111112222200000000000000000000222222111
11122222200000000000000000000222221111122222000000000002222111111111122220000000000022222111112222200000000000000000000222222111
11122222200000000000000000000222221111122222000000000002222111111111122220000000000022222111112222200000000000000000000222222111
11122222200000000000000000000222221111122222000000000002222111111111122220000000000022222111112222200000000000000000000222222111
11122222200000000000000000000222221111122222200000000002222111111111122220000000000222222111112222200000000000000000000222222111
11122222200000000000000000000222221111122222200000000002222111111111122220000000000222222111112222200000000000000000000222222111
11122222200000000000000000000222221111122222200000000002222111111111122220000000000222222111112222200000000000000000000222222111
11122222200000000000000000000222221111122222220000000000222111111111122200000000000222222111112222200000000000000000000222222111
11122222200000000000000000000222221111122222220000000000222111111111122200000000002222222111112222200000000000000000000222222111
11122222200000000000000000000222221111122222220000000000222111111111122200000000002222222111112222200000000000000000000222222111
11122222200000000000000000000222221111122222220000000000222111111111122200000000002222222111112222200000000000000000000222222111
11122222200000000000000000000222221111122222222000000000222111111111122200000000022222222111112222200000000000000000000222222111
11122222200000000000000000000222221111122222222000000000022111111111122000000000022222222111112222200000000000000000000222222111
11122222200000000000000000000222221111122222222000000000022111111111122000000000022222222111112222200000000000000000000222222111
11122222200000000000000000000222221111122222222200000000022111111111122000000000222222222111112222200000000000000000000222222111
11122222200000000000000000000222221111122222222200000000022111111111122000000000222222222111112222200000000000000000000222222111
11122222200000000000000000000222221111122222222200000000022111111111122000000000222222222111112222200000000000000000000222222111
11122222200000000000000000000222221111122222222220000000002111111111122000000002222222222111112222200000000000000000000222222111
11122222200000000000000000000222221111122222222220000000002222222222220000000002222222222111112222200000000000000000000222222111
11122222200000000000000000000222221111122222222220000000002222222222220000000002222222222111112222200000000000000000000222222111
11122222200000000000000000000222221111122222222222000000002222222222220000000022222222222111112222200000000000000000000222222111
11122222200000000000000000000222221111122222222222000000002222222222220000000022222222222111112222200000000000000000000222222111
11122222200000000000000000000222221111122222222222000000002222222222220000000022222222222111112222200000000000000000000222222111
11122222200000000000000000000222221111122222222222000000000000000000000000000022222222222111112222200000000000000000000222222111
11122222200000000000000000000222221111122222222222200000000000000000000000000222222222222111112222200000000000000000000222222111
11122222200000000000000000000222221111122222222222200000000000000000000000000222222222222111112222200000000000000000000222222111
11122222200000000000000000000222221111122222222222200000000000000000000000000222222222222111112222200000000000000000000222222111
11122222200000000000000000000222221111122222222222220000000000000000000000002222222222222111112222200000000000000000000222222111
11122222200000000000000000000222221111122222222222220000000000000000000000002222222222222111112222200000000000000000000222222111
11122222200000000000000000000222221111122222222222220000000000000000000000002222222222222111112222200000000000000000000222222111
11122222200000000000000000000222221111122222222222222000000000000000000000022222222222222111112222200000000000000000000222222111
11122222200000000000000000000222221111122222222222222000000000000000000000022222222222222111112222200000000000000000000222222111
11122222200000000000000000000222221111122222222222222000000000000000000000022222222222222111112222200000000000000000000222222111
11122222200000000000000000000222221111122222222222222200000000000000000000222222222222222111112222200000000000000000000222222111
11122222200000000000000000000222221111122222222222222200000000000000000000222222222222222111112222200000000000000000000222222111
11122222200000000000000000000222221111122222222222222200000000000000000000222222222222222111112222200000000000000000000222222111
11122222200000000000000000000222221111122222222222222200000000000000000000222222222222222111112222200000000000000000000222222111
11122222200000000000000000000222221111122222222222222220000000000000000002222222222222222111112222200000000000000000000222222111
11122222200000000000000000000222221111122222222222222220000000000000000002222222222222222111112222200000000000000000000222222111
11122222200000000000000000000222221111122222222222222220000000000000000002222222222222222111112222200000000000000000000222222111
11122222200000000000000000000222221111122222222222222222000000000000000022222222222222222111112222200000000000000000000222222111
11122222200000000000000000000222221111122222222222222222000000000000000022222222222222222111112222200000000000000000000222222111
11122222200000000000000000000222221111122222222222222222000000000000000022222222222222222111112222200000000000000000000222222111
11122222200000000000000000000222221111122222222222222222200000000000000222222222222222222111112222200000000000000000000222222111
11122222200000000000000000000222221111122222222222222222200000000000000222222222222222222111112222200000000000000000000222222111
11122222200000000000000000000222221111122222222222222222200000000000000222222222222222222111112222200000000000000000000222222111
11122222200000000000000000000222221111122222222222222222220000000000002222222222222222222111112222200000000000000000000222222111
11122222200000000000000000000222221111122222222222222222220000000000002222222222222222222111112222200000000000000000000222222111
11122222200000000000000000000222221111122222222222222222220000000000002222222222222222222111112222200000000000000000000222222111
11122222200000000000000000000222221111122222222222222222220000000000002222222222222222222111112222200000000000000000000222222111
11122222200000000000000000000222221111122222222222222222222000000000022222222222222222222111112222200000000000000000000222222111
11122222200000000000000000000222221111122222222222222222222000000000022222222222222222222111112222200000000000000000000222222111
11122222200000000000000000000222221111122222222222222222222000000000022222222222222222222111112222200000000000000000000222222111
11122222200000000000000000000222221111122222222222222222222222222222222222222222222222222111112222200000000000000000000222222111
11122222200000000000000000000222221111122222222222222222222222222222222222222222222222222111112222200000000000000000000222222111
11122222200000000000000000000222221111111111111111111111111111111111111111111111111111111111112222200000000000000000000222222111
11122222200000000000000000000222221111111111111111111111111111111111111111111111111111111111112222200000000000000000000222222111
11122222200000000000000000000222221111111111111111111111111111111111111111111111111111111111112222200000000000000000000222222111
11122222200000000000000000000222222222222222222222222222222222222222222222222222222222222222222222200000000000000000000222222111
11122222200000000000000000000222222222222222222222222222222222222222222222222222222222222222222222200000000000000000000222222111
11122222200000000000000000000222222222222222222222222222222222222222222222222222222222222222222222200000000000000000000222222111
11122222200000000000000000000222222222222222222222222222222222222222222222222222222222222222222222200000000000000000000222222111
11122222200000000000000000000222222222222222222222222222222222222222222222222222222222222222222222200000000000000000000222222111
11122222200000000000000000000000000000000000000000000000000000000000000000000000000000000000000000000000000000000000000222222111
11122222200000000000000000000000000000000000000000000000000000000000000000000000000000000000000000000000000000000000000222222111
11122222200000000000000000000000000000000000000000000000000000000000000000000000000000000000000000000000000000000000000222222111
11122222200000000000000000000000000000000000000000000000000000000000000000000000000000000000000000000000000000000000000222222111
11122222200000000000000000000000000000000000000000000000000000000000000000000000000000000000000000000000000000000000000222222111
11122222200000000000000000000000000000000000000000000000000000000000000000000000000000000000000000000000000000000000000222222111
11122222200000000000000000000000000000000000000000000000000000000000000000000000000000000000000000000000000000000000000222222111
11122222200000000000000000000000000000000000000000000000000000000000000000000000000000000000000000000000000000000000000222222111
11122222200000000000000000000000000000000000000000000000000000000000000000000000000000000000000000000000000000000000000222222111
11122222200000000000000000000000000000000000000000000000000000000000000000000000000000000000000000000000000000000000000222222111
11122222200000000000000000000000000000000000000000000000000000000000000000000000000000000000000000000000000000000000000222222111
11122222200000000000000000000000000000000000000000000000000000000000000000000000000000000000000000000000000000000000000222222111
11122222200000000000000000000000000000000000000000000000000000000000000000000000000000000000000000000000000000000000000222222111
11122222200000000000000000000000000000000000000000000000000000000000000000000000000000000000000000000000000000000000000222222111
11122222200000000000000000000000000000000000000000000000000000000000000000000000000000000000000000000000000000000000000222222111
11122222222222222222222222222222222222222222222222222222222222222222222222222222222222222222222222222222222222222222222222222111
11122222222222222222222222222222222222222222222222222222222222222222222222222222222222222222222222222222222222222222222222222111
11122222222222222222222222222222222222222222222222222222222222222222222222222222222222222222222222222222222222222222222222222111
11122222222222222222222222222222222222222222222222222222222222222222222222222222222222222222222222222222222222222222222222222111
11122222222222222222222222222222222222222222222222222222222222222222222222222222222222222222222222222222222222222222222222222111
11122222222222222222222222222222222222222222222222222222222222222222222222222222222222222222222222222222222222222222222222222111
11111111111111111111111111111111111111111111111111111111111111111111111111111111111111111111111111111111111111111111111111111111
11111111111111111111111111111111111111111111111111111111111111111111111111111111111111111111111111111111111111111111111111111111
11111111111111111111111111111111111111111111111111111111111111111111111111111111111111111111111111111111111111111111111111111111