-1 -1 -1 -1 -1 -1 -1 -1 -1 -1 -1 -1 -1 -1 -1 -1 -1 -1 -1 -1 -1 -1 -1 -1 -1 -1 -1 -1 -1 -1 -1 -1 -1 -1 -1 -1 -1 -1 -1 -1 -1 -1 -1 -1 -1 -1 -1 -1 -1 -1 -1 -1 -1 -1 -1 -1 -1 -1 -1 -1 -1 -1 -1 -1 -1 -1 -1 -1 -1 -1 -1 -1 -1 -1 -1 -1 -1 -1 -1 -1 -1 -1 -1 -1 -1 -1 -1 -1 -1 -1 -1 -1 -1 -1 -1 -1 -1 -1 -1 -1 -1 -1 -1 -1 -1 -1 -1 -1 -1 -1 -1 -1 -1 -1 -1 -1 -1 -1 -1 -1 -1 -1 -1 -1 -1 -1 -1 -1 
-1 -1 -1 -1 -1 -1 -1 -1 -1 -1 -1 -1 -1 -1 -1 -1 -1 -1 -1 -1 -1 -1 -1 -1 -1 -1 -1 -1 -1 -1 -1 -1 -1 -1 -1 -1 -1 -1 -1 -1 -1 -1 -1 -1 -1 -1 -1 -1 -1 -1 -1 -1 -1 -1 -1 -1 -1 -1 -1 -1 -1 -1 -1 -1 -1 -1 -1 -1 -1 -1 -1 -1 -1 -1 -1 -1 -1 -1 -1 -1 -1 -1 -1 -1 -1 -1 -1 -1 -1 -1 -1 -1 -1 -1 -1 -1 -1 -1 -1 -1 -1 -1 -1 -1 -1 -1 -1 -1 -1 -1 -1 -1 -1 -1 -1 -1 -1 -1 -1 -1 -1 -1 -1 -1 -1 -1 -1 -1 
-1 -1 -1 -1 -1 -1 -1 -1 -1 -1 -1 -1 -1 -1 -1 -1 -1 -1 -1 -1 -1 -1 -1 -1 -1 -1 -1 -1 -1 -1 -1 -1 -1 -1 -1 -1 -1 -1 -1 -1 -1 -1 -1 -1 -1 -1 -1 -1 -1 -1 -1 -1 -1 -1 -1 -1 -1 -1 -1 -1 -1 -1 -1 -1 -1 -1 -1 -1 -1 -1 -1 -1 -1 -1 -1 -1 -1 -1 -1 -1 -1 -1 -1 -1 -1 -1 -1 -1 -1 -1 -1 -1 -1 -1 -1 -1 -1 -1 -1 -1 -1 -1 -1 -1 -1 -1 -1 -1 -1 -1 -1 -1 -1 -1 -1 -1 -1 -1 -1 -1 -1 -1 -1 -1 -1 -1 -1 -1 
-1 -1 -1 331 330 329 328 327 326 325 324 323 322 321 320 319 318 317 316 315 314 314 314 314 314 314 314 314 314 314 314 314 314 314 314 314 314 314 314 314 314 314 314 314 314 314 314 314 314 314 314 314 314 314 314 314 314 314 314 -1 -1 -1 -1 -1 -1 -1 -1 -1 -1 211 210 209 208 207 206 205 204 203 202 201 201 201 201 201 201 201 201 201 201 201 201 201 201 201 201 201 201 201 201 201 201 201 201 201 201 201 201 201 201 201 201 201 201 201 201 201 201 201 201 201 201 201 201 201 201 -1 -1 -1 
-1 -1 -1 331 330 329 328 327 326 325 324 323 322 321 320 319 318 317 316 315 314 313 313 313 313 313 313 313 313 313 313 313 313 313 313 313 313 313 313 313 313 313 313 313 313 313 313 313 313 313 313 313 313 313 313 313 313 313 313 -1 -1 -1 -1 -1 -1 -1 -1 -1 -1 211 210 209 208 207 206 205 204 203 202 201 200 200 200 200 200 200 200 200 200 200 200 200 200 200 200 200 200 200 200 200 200 200 200 200 200 200 200 200 200 200 200 200 200 200 200 200 200 200 200 200 200 200 200 200 200 -1 -1 -1 
-1 -1 -1 331 330 329 328 327 326 325 324 323 322 321 320 319 318 317 316 315 314 313 312 312 312 312 312 312 312 312 312 312 312 312 312 312 312 312 312 312 312 312 312 312 312 312 312 312 312 312 312 312 312 312 312 312 312 312 312 -1 -1 -1 -1 -1 -1 -1 -1 -1 -1 211 210 209 208 207 206 205 204 203 202 201 200 199 199 199 199 199 199 199 199 199 199 199 199 199 199 199 199 199 199 199 199 199 199 199 199 199 199 199 199 199 199 199 199 199 199 199 199 199 199 199 199 199 199 199 199 -1 -1 -1 
-1 -1 -1 331 330 329 328 327 326 325 324 323 322 321 320 319 318 317 316 315 314 313 312 311 311 311 311 311 311 311 311 311 311 311 311 311 311 311 311 311 311 311 311 311 311 311 311 311 311 311 311 311 311 311 311 311 311 311 311 -1 -1 -1 -1 -1 -1 -1 -1 -1 -1 211 210 209 208 207 206 205 204 203 202 201 200 199 198 198 198 198 198 198 198 198 198 198 198 198 198 198 198 198 198 198 198 198 198 198 198 198 198 198 198 198 198 198 198 198 198 198 198 198 198 198 198 198 198 198 198 -1 -1 -1 
-1 -1 -1 331 330 329 328 327 326 325 324 323 322 321 320 319 318 317 316 315 314 313 312 311 310 310 310 310 310 310 310 310 310 310 310 310 310 310 310 310 310 310 310 310 310 310 310 310 310 310 310 310 310 310 310 310 310 310 310 -1 -1 -1 -1 -1 -1 -1 -1 -1 -1 211 210 209 208 207 206 205 204 203 202 201 200 199 198 197 197 197 197 197 197 197 197 197 197 197 197 197 197 197 197 197 197 197 197 197 197 197 197 197 197 197 197 197 197 197 197 197 197 197 197 197 197 197 197 197 197 -1 -1 -1 
-1 -1 -1 331 330 329 328 327 326 325 324 323 322 321 320 319 318 317 316 315 314 313 312 311 310 309 309 309 309 309 309 309 309 309 309 309 309 309 309 309 309 309 309 309 309 309 309 309 309 309 309 309 309 309 309 309 309 309 309 -1 -1 -1 -1 -1 -1 -1 -1 -1 -1 211 210 209 208 207 206 205 204 203 202 201 200 199 198 197 196 196 196 196 196 196 196 196 196 196 196 196 196 196 196 196 196 196 196 196 196 196 196 196 196 196 196 196 196 196 196 196 196 196 196 196 196 196 196 196 196 -1 -1 -1 
-1 -1 -1 331 330 329 328 327 326 325 324 323 322 321 320 319 318 317 316 315 314 313 312 311 310 309 308 308 308 308 308 308 308 308 308 308 308 308 308 308 308 308 308 308 308 308 308 308 308 308 308 308 308 308 308 308 308 308 308 -1 -1 -1 -1 -1 -1 -1 -1 -1 -1 211 210 209 208 207 206 205 204 203 202 201 200 199 198 197 196 195 195 195 195 195 195 195 195 195 195 195 195 195 195 195 195 195 195 195 195 195 195 195 195 195 195 195 195 195 195 195 195 195 195 195 195 195 195 195 195 -1 -1 -1 
-1 -1 -1 331 330 329 328 327 326 325 324 323 322 321 320 319 318 317 316 315 314 313 312 311 310 309 308 307 307 307 307 307 307 307 307 307 307 307 307 307 307 307 307 307 307 307 307 307 307 307 307 307 307 307 307 307 307 307 307 -1 -1 -1 -1 -1 -1 -1 -1 -1 -1 211 210 209 208 207 206 205 204 203 202 201 200 199 198 197 196 195 194 194 194 194 194 194 194 194 194 194 194 194 194 194 194 194 194 194 194 194 194 194 194 194 194 194 194 194 194 194 194 194 194 194 194 194 194 194 194 -1 -1 -1 
-1 -1 -1 331 330 329 328 327 326 325 324 323 322 321 320 319 318 317 316 315 314 313 312 311 310 309 308 307 306 306 306 306 306 306 306 306 306 306 306 306 306 306 306 306 306 306 306 306 306 306 306 306 306 306 306 306 306 306 306 -1 -1 -1 -1 -1 -1 -1 -1 -1 -1 211 210 209 208 207 206 205 204 203 202 201 200 199 198 197 196 195 194 193 193 193 193 193 193 193 193 193 193 193 193 193 193 193 193 193 193 193 193 193 193 193 193 193 193 193 193 193 193 193 193 193 193 193 193 193 193 -1 -1 -1 
-1 -1 -1 331 330 329 328 327 326 325 324 323 322 321 320 319 318 317 316 315 314 313 312 311 310 309 308 307 306 305 305 305 305 305 305 305 305 305 305 305 305 305 305 305 305 305 305 305 305 305 305 305 305 305 305 305 305 305 305 -1 -1 -1 -1 -1 -1 -1 -1 -1 -1 211 210 209 208 207 206 205 204 203 202 201 200 199 198 197 196 195 194 193 192 192 192 192 192 192 192 192 192 192 192 192 192 192 192 192 192 192 192 192 192 192 192 192 192 192 192 192 192 192 192 192 192 192 192 192 192 -1 -1 -1 
-1 -1 -1 331 330 329 328 327 326 325 324 323 322 321 320 319 318 317 316 315 314 313 312 311 310 309 308 307 306 305 304 304 304 304 304 304 304 304 304 304 304 304 304 304 304 304 304 304 304 304 304 304 304 304 304 304 304 304 304 -1 -1 -1 -1 -1 -1 -1 -1 -1 -1 211 210 209 208 207 206 205 204 203 202 201 200 199 198 197 196 195 194 193 192 191 191 191 191 191 191 191 191 191 191 191 191 191 191 191 191 191 191 191 191 191 191 191 191 191 191 191 191 191 191 191 191 191 191 191 191 -1 -1 -1 
-1 -1 -1 331 330 329 328 327 326 325 324 323 322 321 320 319 318 317 316 315 314 313 312 311 310 309 308 307 306 305 304 303 303 303 303 303 303 303 303 303 303 303 303 303 303 303 303 303 303 303 303 303 303 303 303 303 303 303 303 -1 -1 -1 -1 -1 -1 -1 -1 -1 -1 211 210 209 208 207 206 205 204 203 202 201 200 199 198 197 196 195 194 193 192 191 190 190 190 190 190 190 190 190 190 190 190 190 190 190 190 190 190 190 190 190 190 190 190 190 190 190 190 190 190 190 190 190 190 190 190 -1 -1 -1 
-1 -1 -1 331 330 329 328 327 326 325 324 323 322 321 320 319 318 317 316 315 314 313 312 311 310 309 308 307 306 305 304 303 302 302 302 302 302 302 302 302 302 302 302 302 302 302 302 302 302 302 302 302 302 302 302 302 302 302 302 -1 -1 -1 -1 -1 -1 -1 -1 -1 -1 211 210 209 208 207 206 205 204 203 202 201 200 199 198 197 196 195 194 193 192 191 190 189 189 189 189 189 189 189 189 189 189 189 189 189 189 189 189 189 189 189 189 189 189 189 189 189 189 189 189 189 189 189 189 189 189 -1 -1 -1 
-1 -1 -1 331 330 329 328 327 326 325 324 323 322 321 320 319 318 317 316 315 314 313 312 311 310 309 308 307 306 305 304 303 302 301 301 301 301 301 301 301 301 301 301 301 301 301 301 301 301 301 301 301 301 301 301 301 301 301 301 -1 -1 -1 -1 -1 -1 -1 -1 -1 -1 211 210 209 208 207 206 205 204 203 202 201 200 199 198 197 196 195 194 193 192 191 190 189 188 188 188 188 188 188 188 188 188 188 188 188 188 188 188 188 188 188 188 188 188 188 188 188 188 188 188 188 188 188 188 188 188 -1 -1 -1 
-1 -1 -1 331 330 329 328 327 326 325 324 323 322 321 320 319 318 317 316 315 314 313 312 311 310 309 308 307 306 305 304 303 302 301 300 300 300 300 300 300 300 300 300 300 300 300 300 300 300 300 300 300 300 300 300 300 300 300 300 -1 -1 -1 -1 -1 -1 -1 -1 -1 -1 211 210 209 208 207 206 205 204 203 202 201 200 199 198 197 196 195 194 193 192 191 190 189 188 187 187 187 187 187 187 187 187 187 187 187 187 187 187 187 187 187 187 187 187 187 187 187 187 187 187 187 187 187 187 187 187 -1 -1 -1 
-1 -1 -1 331 330 329 328 327 326 325 324 323 322 321 320 319 318 317 316 315 314 313 312 311 310 309 308 307 306 305 304 303 302 301 300 299 299 299 299 299 299 299 299 299 299 299 299 299 299 299 299 299 299 299 299 299 299 299 299 -1 -1 -1 -1 -1 -1 -1 -1 -1 -1 211 210 209 208 207 206 205 204 203 202 201 200 199 198 197 196 195 194 193 192 191 190 189 188 187 186 186 186 186 186 186 186 186 186 186 186 186 186 186 186 186 186 186 186 186 186 186 186 186 186 186 186 186 186 186 186 -1 -1 -1 
-1 -1 -1 331 330 329 328 327 326 325 324 323 322 321 320 319 318 317 316 315 314 313 312 311 310 309 308 307 306 305 304 303 302 301 300 299 298 298 298 298 298 298 298 298 298 298 298 298 298 298 298 298 298 298 298 298 298 298 298 -1 -1 -1 -1 -1 -1 -1 -1 -1 -1 211 210 209 208 207 206 205 204 203 202 201 200 199 198 197 196 195 194 193 192 191 190 189 188 187 186 185 185 185 185 185 185 185 185 185 185 185 185 185 185 185 185 185 185 185 185 185 185 185 185 185 185 185 185 185 185 -1 -1 -1 
-1 -1 -1 331 330 329 328 327 326 325 324 323 322 321 320 319 318 317 316 315 314 313 312 311 310 309 308 307 306 305 304 303 302 301 300 299 298 297 297 297 297 297 297 297 297 297 297 297 297 297 297 297 297 297 297 297 297 297 297 -1 -1 -1 -1 -1 -1 -1 -1 -1 -1 211 210 209 208 207 206 205 204 203 202 201 200 199 198 197 196 195 194 193 192 191 190 189 188 187 186 185 184 184 184 184 184 184 184 184 184 184 184 184 184 184 184 184 184 184 184 184 184 184 184 184 184 184 184 184 184 -1 -1 -1 
-1 -1 -1 331 330 329 328 327 326 325 324 323 322 321 320 319 318 317 316 315 314 313 312 311 310 309 308 307 306 305 304 303 302 301 300 299 298 297 296 296 296 296 296 296 296 296 296 296 296 296 296 296 296 296 296 296 296 296 296 -1 -1 -1 -1 -1 -1 -1 -1 -1 -1 211 210 209 208 207 206 205 204 203 202 201 200 199 198 197 196 195 194 193 192 191 190 189 188 187 186 185 184 183 183 183 183 183 183 183 183 183 183 183 183 183 183 183 183 183 183 183 183 183 183 183 183 183 183 183 183 -1 -1 -1 
-1 -1 -1 331 330 329 328 327 326 325 324 323 322 321 320 319 318 317 316 315 314 313 312 311 310 309 308 307 306 305 304 303 302 301 300 299 298 297 296 295 295 295 295 295 295 295 295 295 295 295 295 295 295 295 295 295 295 295 295 -1 -1 -1 -1 -1 -1 -1 -1 -1 -1 211 210 209 208 207 206 205 204 203 202 201 200 199 198 197 196 195 194 193 192 191 190 189 188 187 186 185 184 183 182 182 182 182 182 182 182 182 182 182 182 182 182 182 182 182 182 182 182 182 182 182 182 182 182 182 182 -1 -1 -1 
-1 -1 -1 331 330 329 328 327 326 325 324 323 322 321 320 319 318 317 316 315 314 313 312 311 310 309 308 307 306 305 304 303 302 301 300 299 298 297 296 295 294 294 294 294 294 294 294 294 294 294 294 294 294 294 294 294 294 294 294 -1 -1 -1 -1 -1 -1 -1 -1 -1 -1 211 210 209 208 207 206 205 204 203 202 201 200 199 198 197 196 195 194 193 192 191 190 189 188 187 186 185 184 183 182 181 181 181 181 181 181 181 181 181 181 181 181 181 181 181 181 181 181 181 181 181 181 181 181 181 181 -1 -1 -1 
-1 -1 -1 331 330 329 328 327 326 325 324 323 322 321 320 319 318 317 316 315 314 313 312 311 310 309 308 307 306 305 304 303 302 301 300 299 298 297 296 295 294 293 293 293 293 293 293 293 293 293 293 293 293 293 293 293 293 293 293 -1 -1 -1 -1 -1 -1 -1 -1 -1 -1 211 210 209 208 207 206 205 204 203 202 201 200 199 198 197 196 195 194 193 192 191 190 189 188 187 186 185 184 183 182 181 180 180 180 180 180 180 180 180 180 180 180 180 180 180 180 180 180 180 180 180 180 180 180 180 180 -1 -1 -1 
-1 -1 -1 331 330 329 328 327 326 325 324 323 322 321 320 319 318 317 316 315 314 313 312 311 310 309 308 307 306 305 304 303 302 301 300 299 298 297 296 295 294 293 292 292 292 292 292 292 292 292 292 292 292 292 292 292 292 292 292 -1 -1 -1 -1 -1 -1 -1 -1 -1 -1 213 210 209 208 207 206 205 204 203 202 201 200 199 198 197 196 195 194 193 192 191 190 189 188 187 186 185 184 183 182 181 180 179 179 179 179 179 179 179 179 179 179 179 179 179 179 179 179 179 179 179 179 179 179 179 179 -1 -1 -1 
-1 -1 -1 331 330 329 328 327 326 325 324 323 322 321 320 319 318 317 316 315 314 313 312 311 310 309 308 307 306 305 304 303 302 301 300 299 298 297 296 295 294 293 291 291 291 291 291 291 291 291 291 291 291 291 291 291 291 291 291 -1 -1 -1 -1 -1 -1 -1 -1 -1 -1 213 212 209 208 207 206 205 204 203 202 201 200 199 198 197 196 195 194 193 192 191 190 189 188 187 186 185 184 183 182 181 180 178 178 178 178 178 178 178 178 178 178 178 178 178 178 178 178 178 178 178 178 178 178 178 178 -1 -1 -1 
-1 -1 -1 331 330 329 328 327 326 325 324 323 322 321 320 319 318 317 316 315 314 313 312 311 310 310 310 307 306 305 304 303 302 301 300 299 298 297 296 295 294 291 290 290 290 290 290 290 290 290 290 290 290 290 290 290 290 290 290 -1 -1 -1 -1 -1 -1 -1 -1 -1 -1 213 212 211 208 207 206 205 204 203 202 201 200 199 198 197 197 197 194 193 192 191 190 189 188 187 186 185 184 183 182 181 177 177 177 177 177 177 177 177 177 177 177 177 177 177 177 177 177 177 177 177 177 177 177 177 177 -1 -1 -1 
-1 -1 -1 331 330 329 328 327 326 325 324 323 322 321 320 319 318 317 316 315 314 313 312 311 311 311 311 311 306 305 304 303 302 301 300 299 298 297 296 295 292 291 290 289 289 289 289 289 289 289 289 289 289 289 289 289 289 289 289 -1 -1 -1 -1 -1 -1 -1 -1 -1 -1 213 212 211 210 207 206 205 204 203 202 201 200 199 198 198 198 198 198 193 192 191 190 189 188 187 186 185 184 183 182 176 176 176 176 176 176 176 176 176 176 176 176 176 176 176 176 176 176 176 176 176 176 176 176 176 176 -1 -1 -1 
-1 -1 -1 331 330 329 328 327 326 325 324 323 322 321 320 319 318 317 316 315 314 313 312 312 312 312 312 312 312 305 304 303 302 301 300 299 298 297 296 293 292 291 290 288 288 288 288 288 288 288 288 288 288 288 288 288 288 288 288 -1 -1 -1 -1 -1 -1 -1 -1 -1 -1 213 212 211 210 209 206 205 204 203 202 201 200 199 199 199 199 199 199 199 192 191 190 189 188 187 186 185 184 183 175 175 175 175 175 175 175 175 175 175 175 175 175 175 175 175 175 175 175 175 175 175 175 175 175 175 175 -1 -1 -1 
-1 -1 -1 331 330 329 328 327 326 325 324 323 322 321 320 319 318 317 316 315 314 313 313 313 313 313 313 313 313 313 304 303 302 301 300 299 298 297 294 293 292 291 288 287 287 287 287 287 287 287 287 287 287 287 287 287 287 287 287 -1 -1 -1 -1 -1 -1 -1 -1 -1 -1 213 212 211 210 209 208 205 204 203 202 201 200 200 200 200 200 200 200 200 200 191 190 189 188 187 186 185 184 174 174 174 174 174 174 174 174 174 174 174 174 174 174 174 174 174 174 174 174 174 174 174 174 174 174 174 174 -1 -1 -1 
-1 -1 -1 331 330 329 328 327 326 325 324 323 322 321 320 319 318 317 316 315 314 314 314 314 314 314 314 314 314 314 314 303 302 301 300 299 298 295 294 293 292 289 288 287 286 286 286 286 286 286 286 286 286 286 286 286 286 286 286 -1 -1 -1 -1 -1 -1 -1 -1 -1 -1 213 212 211 210 209 208 207 204 203 202 201 201 201 201 201 201 201 201 201 201 201 190 189 188 187 186 185 173 173 173 173 173 173 173 173 173 173 173 173 173 173 173 173 173 173 173 173 173 173 173 173 173 173 173 173 173 -1 -1 -1 
-1 -1 -1 331 330 329 328 327 326 325 324 323 322 321 320 319 318 317 316 315 315 315 315 315 315 315 315 315 315 315 315 315 302 301 300 299 296 295 294 293 290 289 288 287 285 285 285 285 285 285 285 285 285 285 285 285 285 285 285 -1 -1 -1 -1 -1 -1 -1 -1 -1 -1 218 212 211 210 209 208 207 206 203 202 202 202 202 202 202 202 202 202 202 202 202 202 189 188 187 186 172 172 172 172 172 172 172 172 172 172 172 172 172 172 172 172 172 172 172 172 172 172 172 172 172 172 172 172 172 172 -1 -1 -1 
-1 -1 -1 331 330 329 328 327 326 325 324 323 322 321 320 319 318 317 316 316 316 316 316 316 316 316 316 316 316 316 316 316 316 301 -1 -1 -1 -1 -1 291 290 289 288 284 284 284 284 284 284 284 284 284 284 284 284 284 284 284 284 -1 -1 -1 -1 -1 -1 -1 -1 -1 -1 218 217 211 210 209 208 207 206 205 203 203 203 203 203 203 203 203 203 203 203 203 203 203 188 187 171 171 171 171 171 171 171 171 171 171 171 171 171 171 171 171 171 171 171 171 171 171 171 171 171 171 171 171 171 171 171 -1 -1 -1 
-1 -1 -1 331 330 329 328 327 326 325 324 323 322 321 320 319 318 317 317 317 317 317 317 317 317 317 317 317 317 317 317 317 317 317 -1 -1 -1 -1 -1 291 290 289 285 284 283 283 283 283 283 283 283 283 283 283 283 283 283 283 283 -1 -1 -1 -1 -1 -1 -1 -1 -1 -1 218 217 216 210 209 208 207 206 205 204 204 204 204 204 204 204 204 204 204 204 204 204 204 204 170 170 170 170 170 170 170 170 170 170 170 170 170 170 170 170 170 170 170 170 170 170 170 170 170 170 170 170 170 170 170 170 -1 -1 -1 
-1 -1 -1 331 330 329 328 327 326 325 324 323 322 321 320 319 318 318 318 318 318 318 318 318 318 318 318 318 318 318 318 318 318 318 -1 -1 -1 -1 -1 291 290 286 285 284 283 282 282 282 282 282 282 282 282 282 282 282 282 282 282 -1 -1 -1 -1 -1 -1 -1 -1 -1 -1 218 217 216 215 209 208 207 206 205 205 205 205 205 205 205 205 205 205 205 205 -1 -1 -1 -1 -1 169 169 169 169 169 169 169 169 169 169 169 169 169 169 169 169 169 169 169 169 169 169 169 169 169 169 169 169 169 169 169 -1 -1 -1 
-1 -1 -1 331 330 329 328 327 326 325 324 323 322 321 320 319 319 319 319 319 319 319 319 319 319 319 319 319 319 319 319 319 319 319 -1 -1 -1 -1 -1 291 287 286 285 284 283 281 281 281 281 281 281 281 281 281 281 281 281 281 281 -1 -1 -1 -1 -1 -1 -1 -1 -1 -1 218 217 216 215 214 208 207 206 206 206 206 206 206 206 206 206 206 206 206 206 -1 -1 -1 -1 -1 168 168 168 168 168 168 168 168 168 168 168 168 168 168 168 168 168 168 168 168 168 168 168 168 168 168 168 168 168 168 168 -1 -1 -1 
-1 -1 -1 331 330 329 328 327 326 325 324 323 322 321 320 320 320 320 320 320 320 320 320 320 320 320 320 320 320 320 320 320 320 320 -1 -1 -1 -1 -1 288 287 286 285 284 281 280 280 280 280 280 280 280 280 280 280 280 280 280 280 -1 -1 -1 -1 -1 -1 -1 -1 -1 -1 218 217 216 215 214 213 207 207 207 207 207 207 207 207 207 207 207 207 207 207 -1 -1 -1 -1 -1 167 167 167 167 167 167 167 167 167 167 167 167 167 167 167 167 167 167 167 167 167 167 167 167 167 167 167 167 167 167 167 -1 -1 -1 
-1 -1 -1 331 330 329 328 327 326 325 324 323 322 321 321 321 321 321 321 321 321 321 321 321 321 321 321 321 321 321 321 321 321 321 -1 -1 -1 -1 -1 288 287 286 285 282 281 280 279 279 279 279 279 279 279 279 279 279 279 279 279 -1 -1 -1 -1 -1 -1 -1 -1 -1 -1 222 217 216 215 214 213 212 208 208 208 208 208 208 208 208 208 208 208 208 208 -1 -1 -1 -1 -1 166 166 166 166 166 166 166 166 166 166 166 166 166 166 166 166 166 166 166 166 166 166 166 166 166 166 166 166 166 166 166 -1 -1 -1 
-1 -1 -1 331 330 329 328 327 326 325 324 323 322 322 322 322 322 322 322 322 322 322 322 322 322 322 322 322 322 322 322 322 322 322 -1 -1 -1 -1 -1 288 287 286 283 282 281 280 278 278 278 278 278 278 278 278 278 278 278 278 278 -1 -1 -1 -1 -1 -1 -1 -1 -1 -1 222 221 216 215 214 213 212 211 209 209 209 209 209 209 209 209 209 209 209 209 -1 -1 -1 -1 -1 165 165 165 165 165 165 165 165 165 165 165 165 165 165 165 165 165 165 165 165 165 165 165 165 165 165 165 165 165 165 165 -1 -1 -1 
-1 -1 -1 331 330 329 328 327 326 325 324 323 323 323 323 323 323 323 323 323 323 323 323 323 323 323 323 323 323 323 323 323 323 323 -1 -1 -1 -1 -1 288 287 284 283 282 281 278 277 277 277 277 277 277 277 277 277 277 277 277 277 -1 -1 -1 -1 -1 -1 -1 -1 -1 -1 222 221 220 215 214 213 212 211 210 210 210 210 210 210 210 210 210 210 210 210 -1 -1 -1 -1 -1 164 164 164 164 164 164 164 164 164 164 164 164 164 164 164 164 164 164 164 164 164 164 164 164 164 164 164 164 164 164 164 -1 -1 -1 
-1 -1 -1 331 330 329 328 327 326 325 324 324 324 324 324 324 324 324 324 324 324 324 324 324 324 324 324 324 324 324 324 324 324 324 -1 -1 -1 -1 -1 288 285 284 283 282 279 278 277 276 276 276 276 276 276 276 276 276 276 276 276 -1 -1 -1 -1 -1 -1 -1 -1 -1 -1 222 221 220 219 214 213 212 211 211 211 211 211 211 211 211 211 211 211 211 211 -1 -1 -1 -1 -1 163 163 163 163 163 163 163 163 163 163 163 163 163 163 163 163 163 163 163 163 163 163 163 163 163 163 163 163 163 163 163 -1 -1 -1 
-1 -1 -1 331 330 329 328 327 326 325 325 325 325 325 325 325 325 325 325 325 325 325 325 325 325 325 325 325 325 325 325 325 325 325 -1 -1 -1 -1 -1 286 285 284 283 280 279 278 277 275 275 275 275 275 275 275 275 275 275 275 275 -1 -1 -1 -1 -1 -1 -1 -1 -1 -1 222 221 220 219 218 213 212 212 212 212 212 212 212 212 212 212 212 212 212 212 -1 -1 -1 -1 -1 162 162 162 162 162 162 162 162 162 162 162 162 162 162 162 162 162 162 162 162 162 162 162 162 162 162 162 162 162 162 162 -1 -1 -1 
-1 -1 -1 331 330 329 328 327 326 326 326 326 326 326 326 326 326 326 326 326 326 326 326 326 326 326 326 326 326 326 326 326 326 326 -1 -1 -1 -1 -1 286 285 284 281 280 279 278 275 274 274 274 274 274 274 274 274 274 274 274 274 -1 -1 -1 -1 -1 -1 -1 -1 -1 -1 222 221 220 219 218 217 213 213 213 213 213 213 213 213 213 213 213 213 213 213 -1 -1 -1 -1 -1 161 161 161 161 161 161 161 161 161 161 161 161 161 161 161 161 161 161 161 161 161 161 161 161 161 161 161 161 161 161 161 -1 -1 -1 
-1 -1 -1 331 330 329 328 327 327 327 327 327 327 327 327 327 327 327 327 327 327 327 327 327 327 327 327 327 327 327 327 327 327 327 -1 -1 -1 -1 -1 286 285 282 281 280 279 276 275 274 273 273 273 273 273 273 273 273 273 273 273 -1 -1 -1 -1 -1 -1 -1 -1 -1 -1 222 221 220 219 218 217 216 214 214 214 214 214 214 214 214 214 214 214 214 214 -1 -1 -1 -1 -1 160 160 160 160 160 160 160 160 160 160 160 160 160 160 160 160 160 160 160 160 160 160 160 160 160 160 160 160 160 160 160 -1 -1 -1 
-1 -1 -1 331 330 329 328 328 328 328 328 328 328 328 328 328 328 328 328 328 328 328 328 328 328 328 328 328 328 328 328 328 328 328 -1 -1 -1 -1 -1 286 283 282 281 280 277 276 275 274 272 272 272 272 272 272 272 272 272 272 272 -1 -1 -1 -1 -1 -1 -1 -1 -1 -1 227 221 220 219 218 217 216 215 215 215 215 215 215 215 215 215 215 215 215 215 -1 -1 -1 -1 -1 159 159 159 159 159 159 159 159 159 159 159 159 159 159 159 159 159 159 159 159 159 159 159 159 159 159 159 159 159 159 159 -1 -1 -1 
-1 -1 -1 331 330 329 329 329 329 329 329 329 329 329 329 329 329 329 329 329 329 329 329 329 329 329 329 329 329 329 329 329 329 329 -1 -1 -1 -1 -1 284 283 282 281 278 277 276 275 271 271 271 271 271 271 271 271 271 271 271 271 -1 -1 -1 -1 -1 -1 -1 -1 -1 -1 227 226 220 219 218 217 216 216 216 216 216 216 216 216 216 216 216 216 216 216 -1 -1 -1 -1 -1 158 158 158 158 158 158 158 158 158 158 158 158 158 158 158 158 158 158 158 158 158 158 158 158 158 158 158 158 158 158 158 -1 -1 -1 
-1 -1 -1 331 330 330 330 330 330 330 330 330 330 330 330 330 330 330 330 330 330 330 330 330 330 330 330 330 330 330 330 330 330 330 -1 -1 -1 -1 -1 284 283 282 279 278 277 276 272 271 270 270 270 270 270 270 270 270 270 270 270 -1 -1 -1 -1 -1 -1 -1 -1 -1 -1 227 226 225 219 218 217 217 217 217 217 217 217 217 217 217 217 217 217 217 217 -1 -1 -1 -1 -1 157 157 157 157 157 157 157 157 157 157 157 157 157 157 157 157 157 157 157 157 157 157 157 157 157 157 157 157 157 157 157 -1 -1 -1 
-1 -1 -1 331 331 331 331 331 331 331 331 331 331 331 331 331 331 331 331 331 331 331 331 331 331 331 331 331 331 331 331 331 331 331 -1 -1 -1 -1 -1 284 283 280 279 278 277 273 272 271 270 269 269 269 269 269 269 269 269 269 269 -1 -1 -1 -1 -1 -1 -1 -1 -1 -1 227 226 225 224 218 218 218 218 218 218 218 218 218 218 218 218 218 218 218 218 -1 -1 -1 -1 -1 156 156 156 156 156 156 156 156 156 156 156 156 156 156 156 156 156 156 156 156 156 156 156 156 156 156 156 156 156 156 156 -1 -1 -1 
-1 -1 -1 332 332 332 332 332 332 332 332 332 332 332 332 332 332 332 332 332 332 332 332 332 332 332 332 332 332 332 332 332 332 332 -1 -1 -1 -1 -1 284 281 280 279 278 274 273 272 271 270 268 268 268 268 268 268 268 268 268 268 -1 -1 -1 -1 -1 -1 -1 -1 -1 -1 227 226 225 224 223 219 219 219 219 219 219 219 219 219 219 219 219 219 219 219 -1 -1 -1 -1 -1 155 155 155 155 155 155 155 155 155 155 155 155 155 155 155 155 155 155 155 155 155 155 155 155 155 155 155 155 155 155 155 -1 -1 -1 
-1 -1 -1 333 333 333 333 333 333 333 333 333 333 333 333 333 333 333 333 333 333 333 333 333 333 333 333 333 333 333 333 333 333 333 -1 -1 -1 -1 -1 282 281 280 279 275 274 273 272 271 268 267 267 267 267 267 267 267 267 267 267 -1 -1 -1 -1 -1 -1 -1 -1 -1 -1 227 226 225 224 223 222 220 220 220 220 220 220 220 220 220 220 220 220 220 220 -1 -1 -1 -1 -1 154 154 154 154 154 154 154 154 154 154 154 154 154 154 154 154 154 154 154 154 154 154 154 154 154 154 154 154 154 154 154 -1 -1 -1 
-1 -1 -1 334 334 334 334 334 334 334 334 334 334 334 334 334 334 334 334 334 334 334 334 334 334 334 334 334 334 334 334 334 334 334 -1 -1 -1 -1 -1 282 281 280 276 275 274 273 272 269 268 267 266 266 266 266 266 266 266 266 266 -1 -1 -1 -1 -1 -1 -1 -1 -1 -1 231 226 225 224 223 222 221 221 221 221 221 221 221 221 221 221 221 221 221 221 -1 -1 -1 -1 -1 153 153 153 153 153 153 153 153 153 153 153 153 153 153 153 153 153 153 153 153 153 153 153 153 153 153 153 153 153 153 153 -1 -1 -1 
-1 -1 -1 335 335 335 335 335 335 335 335 335 335 335 335 335 335 335 335 335 335 335 335 335 335 335 335 335 335 335 335 335 335 335 -1 -1 -1 -1 -1 282 281 277 276 275 274 273 270 269 268 267 265 265 265 265 265 265 265 265 265 -1 -1 -1 -1 -1 -1 -1 -1 -1 -1 231 230 225 224 223 222 222 222 222 222 222 222 222 222 222 222 222 222 222 222 -1 -1 -1 -1 -1 152 152 152 152 152 152 152 152 152 152 152 152 152 152 152 152 152 152 152 152 152 152 152 152 152 152 152 152 152 152 152 -1 -1 -1 
-1 -1 -1 336 336 336 336 336 336 336 336 336 336 336 336 336 336 336 336 336 336 336 336 336 336 336 336 336 336 336 336 336 336 336 -1 -1 -1 -1 -1 282 278 277 276 275 274 271 270 269 268 265 264 264 264 264 264 264 264 264 264 -1 -1 -1 -1 -1 -1 -1 -1 -1 -1 231 230 229 224 223 223 223 223 223 223 223 223 223 223 223 223 223 223 223 223 -1 -1 -1 -1 -1 151 151 151 151 151 151 151 151 151 151 151 151 151 151 151 151 151 151 151 151 151 151 151 151 151 151 151 151 151 151 151 -1 -1 -1 
-1 -1 -1 337 337 337 337 337 337 337 337 337 337 337 337 337 337 337 337 337 337 337 337 337 337 337 337 337 337 337 337 337 337 337 -1 -1 -1 -1 -1 279 278 277 276 275 272 271 270 269 266 265 264 263 263 263 263 263 263 263 263 -1 -1 -1 -1 -1 -1 -1 -1 -1 -1 231 230 229 228 224 224 224 224 224 224 224 224 224 224 224 224 224 224 224 224 -1 -1 -1 -1 -1 150 150 150 150 150 150 150 150 150 150 150 150 150 150 150 150 150 150 150 150 150 150 150 150 150 150 150 150 150 150 150 -1 -1 -1 
-1 -1 -1 338 338 338 338 338 338 338 338 338 338 338 338 338 338 338 338 338 338 338 338 338 338 338 338 338 338 338 338 338 338 338 -1 -1 -1 -1 -1 279 278 277 276 273 272 271 270 267 266 265 264 262 262 262 262 262 262 262 262 -1 -1 -1 -1 -1 -1 -1 -1 -1 -1 231 230 229 228 227 225 225 225 225 225 225 225 225 225 225 225 225 225 225 225 -1 -1 -1 -1 -1 149 149 149 149 149 149 149 149 149 149 149 149 149 149 149 149 149 149 149 149 149 149 149 149 149 149 149 149 149 149 149 -1 -1 -1 
-1 -1 -1 339 339 339 339 339 339 339 339 339 339 339 339 339 339 339 339 339 339 339 339 339 339 339 339 339 339 339 339 339 339 339 -1 -1 -1 -1 -1 279 278 277 274 273 272 271 268 267 266 265 262 261 261 261 261 261 261 261 261 -1 -1 -1 -1 -1 -1 -1 -1 -1 -1 231 230 229 228 227 226 226 226 226 226 226 226 226 226 226 226 226 226 226 226 -1 -1 -1 -1 -1 148 148 148 148 148 148 148 148 148 148 148 148 148 148 148 148 148 148 148 148 148 148 148 148 148 148 148 148 148 148 148 -1 -1 -1 
-1 -1 -1 340 340 340 340 340 340 340 340 340 340 340 340 340 340 340 340 340 340 340 340 340 340 340 340 340 340 340 340 340 340 340 -1 -1 -1 -1 -1 279 278 275 274 273 272 269 268 267 266 263 262 261 260 260 260 260 260 260 260 -1 -1 -1 -1 -1 -1 -1 -1 -1 -1 231 230 229 228 227 227 227 227 227 227 227 227 227 227 227 227 227 227 227 227 -1 -1 -1 -1 -1 147 147 147 147 147 147 147 147 147 147 147 147 147 147 147 147 147 147 147 147 147 147 147 147 147 147 147 147 147 147 147 -1 -1 -1 
-1 -1 -1 341 341 341 341 341 341 341 341 341 341 341 341 341 341 341 341 341 341 341 341 341 341 341 341 341 341 341 341 341 341 341 -1 -1 -1 -1 -1 279 276 275 274 273 270 269 268 267 264 263 262 261 259 259 259 259 259 259 259 -1 -1 -1 -1 -1 -1 -1 -1 -1 -1 236 230 229 228 228 228 228 228 228 228 228 228 228 228 228 228 228 228 228 228 -1 -1 -1 -1 -1 146 146 146 146 146 146 146 146 146 146 146 146 146 146 146 146 146 146 146 146 146 146 146 146 146 146 146 146 146 146 146 -1 -1 -1 
-1 -1 -1 342 342 342 342 342 342 342 342 342 342 342 342 342 342 342 342 342 342 342 342 342 342 342 342 342 342 342 342 342 342 342 -1 -1 -1 -1 -1 277 276 275 274 271 270 269 268 265 264 263 262 258 258 258 258 258 258 258 258 258 258 258 245 244 243 240 239 238 237 236 235 229 229 229 229 229 229 229 229 229 229 229 229 229 229 229 229 229 229 -1 -1 -1 -1 -1 145 145 145 145 145 145 145 145 145 145 145 145 145 145 145 145 145 145 145 145 145 145 145 145 145 145 145 145 145 145 145 -1 -1 -1 
-1 -1 -1 343 343 343 343 343 343 343 343 343 343 343 343 343 343 343 343 343 343 343 343 343 343 343 343 343 343 343 343 343 343 343 -1 -1 -1 -1 -1 277 276 275 272 271 270 269 266 265 264 263 259 258 257 257 257 257 257 257 257 257 257 246 245 244 243 242 239 238 237 236 235 234 230 230 230 230 230 230 230 230 230 230 230 230 230 230 230 230 230 -1 -1 -1 -1 -1 144 144 144 144 144 144 144 144 144 144 144 144 144 144 144 144 144 144 144 144 144 144 144 144 144 144 144 144 144 144 144 -1 -1 -1 
-1 -1 -1 344 344 344 344 344 344 344 344 344 344 344 344 344 344 344 344 344 344 344 344 344 344 344 344 344 344 344 344 344 344 344 -1 -1 -1 -1 -1 277 276 273 272 271 270 267 266 265 264 260 259 258 257 256 256 256 256 256 256 256 247 246 245 244 243 242 241 238 237 236 235 234 233 231 231 231 231 231 231 231 231 231 231 231 231 231 231 231 231 -1 -1 -1 -1 -1 143 143 143 143 143 143 143 143 143 143 143 143 143 143 143 143 143 143 143 143 143 143 143 143 143 143 143 143 143 143 143 -1 -1 -1 
-1 -1 -1 345 345 345 345 345 345 345 345 345 345 345 345 345 345 345 345 345 345 345 345 345 345 345 345 345 345 345 345 345 345 345 -1 -1 -1 -1 -1 277 274 273 272 271 268 267 266 265 261 260 259 258 257 255 255 255 255 255 255 248 247 246 245 244 243 242 241 240 237 236 235 234 233 232 232 232 232 232 232 232 232 232 232 232 232 232 232 232 232 -1 -1 -1 -1 -1 142 142 142 142 142 142 142 142 142 142 142 142 142 142 142 142 142 142 142 142 142 142 142 142 142 142 142 142 142 142 142 -1 -1 -1 
-1 -1 -1 346 346 346 346 346 346 346 346 346 346 346 346 346 346 346 346 346 346 346 346 346 346 346 346 346 346 346 346 346 346 346 -1 -1 -1 -1 -1 275 274 273 272 269 268 267 266 262 261 260 259 258 255 254 254 254 254 254 249 248 247 246 245 244 243 242 241 240 239 236 235 234 233 233 233 233 233 233 233 233 233 233 233 233 233 233 233 233 233 -1 -1 -1 -1 -1 141 141 141 141 141 141 141 141 141 141 141 141 141 141 141 141 141 141 141 141 141 141 141 141 141 141 141 141 141 141 141 -1 -1 -1 
-1 -1 -1 347 347 347 347 347 347 347 347 347 347 347 347 347 347 347 347 347 347 347 347 347 347 347 347 347 347 347 347 347 347 347 -1 -1 -1 -1 -1 275 274 273 270 269 268 267 263 262 261 260 259 256 255 254 253 253 253 250 249 248 247 246 245 244 243 242 241 240 239 238 235 234 234 234 234 234 234 234 234 234 234 234 234 234 234 234 234 234 234 -1 -1 -1 -1 -1 140 140 140 140 140 140 140 140 140 140 140 140 140 140 140 140 140 140 140 140 140 140 140 140 140 140 140 140 140 140 140 -1 -1 -1 
-1 -1 -1 348 348 348 348 348 348 348 348 348 348 348 348 348 348 348 348 348 348 348 348 348 348 348 348 348 348 348 348 348 348 348 -1 -1 -1 -1 -1 275 274 271 270 269 268 264 263 262 261 260 257 256 255 254 253 252 251 250 249 248 247 246 245 244 243 242 241 240 239 238 237 235 235 235 235 235 235 235 235 235 235 235 235 235 235 235 235 235 235 -1 -1 -1 -1 -1 139 139 139 139 139 139 139 139 139 139 139 139 139 139 139 139 139 139 139 139 139 139 139 139 139 139 139 139 139 139 139 -1 -1 -1 
-1 -1 -1 349 349 349 349 349 349 349 349 349 349 349 349 349 349 349 349 349 349 349 349 349 349 349 349 349 349 349 349 349 349 349 -1 -1 -1 -1 -1 275 272 271 270 269 265 264 263 262 261 258 257 256 255 254 253 252 251 250 249 248 247 246 245 244 243 242 241 240 239 238 237 236 236 236 236 236 236 236 236 236 236 236 236 236 236 236 236 236 236 -1 -1 -1 -1 -1 138 138 138 138 138 138 138 138 138 138 138 138 138 138 138 138 138 138 138 138 138 138 138 138 138 138 138 138 138 138 138 -1 -1 -1 
-1 -1 -1 350 350 350 350 350 350 350 350 350 350 350 350 350 350 350 350 350 350 350 350 350 350 350 350 350 350 350 350 350 350 350 -1 -1 -1 -1 -1 273 272 271 270 266 265 264 263 262 259 258 257 256 255 254 253 252 251 250 249 248 247 246 245 244 243 242 241 240 239 238 237 237 237 237 237 237 237 237 237 237 237 237 237 237 237 237 237 237 237 -1 -1 -1 -1 -1 137 137 137 137 137 137 137 137 137 137 137 137 137 137 137 137 137 137 137 137 137 137 137 137 137 137 137 137 137 137 137 -1 -1 -1 
-1 -1 -1 351 351 351 351 351 351 351 351 351 351 351 351 351 351 351 351 351 351 351 351 351 351 351 351 351 351 351 351 351 351 351 -1 -1 -1 -1 -1 273 272 271 267 266 265 264 263 260 259 258 257 256 255 254 253 252 251 250 249 248 247 246 245 244 243 242 241 240 239 238 238 238 238 238 238 238 238 238 238 238 238 238 238 238 238 238 238 238 238 -1 -1 -1 -1 -1 136 136 136 136 136 136 136 136 136 136 136 136 136 136 136 136 136 136 136 136 136 136 136 136 136 136 136 136 136 136 136 -1 -1 -1 
-1 -1 -1 352 352 352 352 352 352 352 352 352 352 352 352 352 352 352 352 352 352 352 352 352 352 352 352 352 352 352 352 352 352 352 -1 -1 -1 -1 -1 273 272 268 267 266 265 264 261 260 259 258 257 256 255 254 253 252 251 250 249 248 247 246 245 244 243 242 241 240 239 239 239 239 239 239 239 239 239 239 239 239 239 239 239 239 239 239 239 239 239 -1 -1 -1 -1 -1 135 135 135 135 135 135 135 135 135 135 135 135 135 135 135 135 135 135 135 135 135 135 135 135 135 135 135 135 135 135 135 -1 -1 -1 
-1 -1 -1 353 353 353 353 353 353 353 353 353 353 353 353 353 353 353 353 353 353 353 353 353 353 353 353 353 353 353 353 353 353 353 -1 -1 -1 -1 -1 273 269 268 267 266 265 262 261 260 259 258 257 256 255 254 253 252 251 250 249 248 247 246 245 244 243 242 241 240 240 240 240 240 240 240 240 240 240 240 240 240 240 240 240 240 240 240 240 240 240 -1 -1 -1 -1 -1 134 134 134 134 134 134 134 134 134 134 134 134 134 134 134 134 134 134 134 134 134 134 134 134 134 134 134 134 134 134 134 -1 -1 -1 
-1 -1 -1 354 354 354 354 354 354 354 354 354 354 354 354 354 354 354 354 354 354 354 354 354 354 354 354 354 354 354 354 354 354 354 -1 -1 -1 -1 -1 270 269 268 267 266 263 262 261 260 259 258 257 256 255 254 253 252 251 250 249 248 247 246 245 244 243 242 241 241 241 241 241 241 241 241 241 241 241 241 241 241 241 241 241 241 241 241 241 241 241 -1 -1 -1 -1 -1 133 133 133 133 133 133 133 133 133 133 133 133 133 133 133 133 133 133 133 133 133 133 133 133 133 133 133 133 133 133 133 -1 -1 -1 
-1 -1 -1 355 355 355 355 355 355 355 355 355 355 355 355 355 355 355 355 355 355 355 355 355 355 355 355 355 355 355 355 355 355 355 -1 -1 -1 -1 -1 270 269 268 267 264 263 262 261 260 259 258 257 256 255 254 253 252 251 250 249 248 247 246 245 244 243 242 242 242 242 242 242 242 242 242 242 242 242 242 242 242 242 242 242 242 242 242 242 242 242 -1 -1 -1 -1 -1 132 132 132 132 132 132 132 132 132 132 132 132 132 132 132 132 132 132 132 132 132 132 132 132 132 132 132 132 132 132 132 -1 -1 -1 
-1 -1 -1 356 356 356 356 356 356 356 356 356 356 356 356 356 356 356 356 356 356 356 356 356 356 356 356 356 356 356 356 356 356 356 -1 -1 -1 -1 -1 270 269 268 265 264 263 262 261 260 259 258 257 256 255 254 253 252 251 250 249 248 247 246 245 244 243 243 243 243 243 243 243 243 243 243 243 243 243 243 243 243 243 243 243 243 243 243 243 243 243 -1 -1 -1 -1 -1 131 131 131 131 131 131 131 131 131 131 131 131 131 131 131 131 131 131 131 131 131 131 131 131 131 131 131 131 131 131 131 -1 -1 -1 
-1 -1 -1 357 357 357 357 357 357 357 357 357 357 357 357 357 357 357 357 357 357 357 357 357 357 357 357 357 357 357 357 357 357 357 -1 -1 -1 -1 -1 270 269 266 265 264 263 262 261 260 259 258 257 256 255 254 253 252 251 250 249 248 247 246 245 244 244 244 244 244 244 244 244 244 244 244 244 244 244 244 244 244 244 244 244 244 244 244 244 244 244 -1 -1 -1 -1 -1 130 130 130 130 130 130 130 130 130 130 130 130 130 130 130 130 130 130 130 130 130 130 130 130 130 130 130 130 130 130 130 -1 -1 -1 
-1 -1 -1 358 358 358 358 358 358 358 358 358 358 358 358 358 358 358 358 358 358 358 358 358 358 358 358 358 358 358 358 358 358 358 -1 -1 -1 -1 -1 270 267 266 265 264 263 262 261 260 259 258 257 256 255 254 253 252 251 250 249 248 247 246 245 245 245 245 245 245 245 245 245 245 245 245 245 245 245 245 245 245 245 245 245 245 245 245 245 245 245 -1 -1 -1 -1 -1 129 129 129 129 129 129 129 129 129 129 129 129 129 129 129 129 129 129 129 129 129 129 129 129 129 129 129 129 129 129 129 -1 -1 -1 
-1 -1 -1 359 359 359 359 359 359 359 359 359 359 359 359 359 359 359 359 359 359 359 359 359 359 359 359 359 359 359 359 359 359 359 -1 -1 -1 -1 -1 268 267 266 265 264 263 262 261 260 259 258 257 256 255 254 253 252 251 250 249 248 247 246 246 246 246 246 246 246 246 246 246 246 246 246 246 246 246 246 246 246 246 246 246 246 246 246 246 246 246 -1 -1 -1 -1 -1 128 128 128 128 128 128 128 128 128 128 128 128 128 128 128 128 128 128 128 128 128 128 128 128 128 128 128 128 128 128 128 -1 -1 -1 
-1 -1 -1 360 360 360 360 360 360 360 360 360 360 360 360 360 360 360 360 360 360 360 360 360 360 360 360 360 360 360 360 360 360 360 -1 -1 -1 -1 -1 268 267 266 265 264 263 262 261 260 259 258 257 256 255 254 253 252 251 250 249 248 247 247 247 247 247 247 247 247 247 247 247 247 247 247 247 247 247 247 247 247 247 247 247 247 247 247 247 247 247 -1 -1 -1 -1 -1 127 127 127 127 127 127 127 127 127 127 127 127 127 127 127 127 127 127 127 127 127 127 127 127 127 127 127 127 127 127 127 -1 -1 -1 
-1 -1 -1 361 361 361 361 361 361 361 361 361 361 361 361 361 361 361 361 361 361 361 361 361 361 361 361 361 361 361 361 361 361 361 -1 -1 -1 -1 -1 268 267 266 265 264 263 262 261 260 259 258 257 256 255 254 253 252 251 250 249 248 248 248 248 248 248 248 248 248 248 248 248 248 248 248 248 248 248 248 248 248 248 248 248 248 248 248 248 248 248 -1 -1 -1 -1 -1 126 126 126 126 126 126 126 126 126 126 126 126 126 126 126 126 126 126 126 126 126 126 126 126 126 126 126 126 126 126 126 -1 -1 -1 
-1 -1 -1 362 362 362 362 362 362 362 362 362 362 362 362 362 362 362 362 362 362 362 362 362 362 362 362 362 362 362 362 362 362 362 -1 -1 -1 -1 -1 268 267 266 265 264 263 262 261 260 259 258 257 256 255 254 253 252 251 250 249 249 249 249 249 249 249 249 249 249 249 249 249 249 249 249 249 249 249 249 249 249 249 249 249 249 249 249 249 249 249 -1 -1 -1 -1 -1 125 125 125 125 125 125 125 125 125 125 125 125 125 125 125 125 125 125 125 125 125 125 125 125 125 125 125 125 125 125 125 -1 -1 -1 
-1 -1 -1 363 363 363 363 363 363 363 363 363 363 363 363 363 363 363 363 363 363 363 363 363 363 363 363 363 363 363 363 363 363 363 -1 -1 -1 -1 -1 268 267 266 265 264 263 262 261 260 259 258 257 256 255 254 253 252 251 250 250 250 250 250 250 250 250 250 250 250 250 250 250 250 250 250 250 250 250 250 250 250 250 250 250 250 250 250 250 250 250 -1 -1 -1 -1 -1 124 124 124 124 124 124 124 124 124 124 124 124 124 124 124 124 124 124 124 124 124 124 124 124 124 124 124 124 124 124 124 -1 -1 -1 
-1 -1 -1 364 364 364 364 364 364 364 364 364 364 364 364 364 364 364 364 364 364 364 364 364 364 364 364 364 364 364 364 364 364 364 -1 -1 -1 -1 -1 268 267 266 265 264 263 262 261 260 259 258 257 256 255 254 253 252 251 251 251 251 251 251 251 251 251 251 251 251 251 251 251 251 251 251 251 251 251 251 251 251 251 251 251 251 251 251 251 251 251 -1 -1 -1 -1 -1 123 123 123 123 123 123 123 123 123 123 123 123 123 123 123 123 123 123 123 123 123 123 123 123 123 123 123 123 123 123 123 -1 -1 -1 
-1 -1 -1 365 365 365 365 365 365 365 365 365 365 365 365 365 365 365 365 365 365 365 365 365 365 365 365 365 365 365 365 365 365 365 -1 -1 -1 -1 -1 268 267 266 265 264 263 262 261 260 259 258 257 256 255 254 253 252 252 252 252 252 252 252 252 252 252 252 252 252 252 252 252 252 252 252 252 252 252 252 252 252 252 252 252 252 252 252 252 252 252 -1 -1 -1 -1 -1 122 122 122 122 122 122 122 122 122 122 122 122 122 122 122 122 122 122 122 122 122 122 122 122 122 122 122 122 122 122 122 -1 -1 -1 
-1 -1 -1 366 366 366 366 366 366 366 366 366 366 366 366 366 366 366 366 366 366 366 366 366 366 366 366 366 366 366 366 366 366 366 -1 -1 -1 -1 -1 268 267 266 265 264 263 262 261 260 259 258 257 256 255 254 253 253 253 253 253 253 253 253 253 253 253 253 253 253 253 253 253 253 253 253 253 253 253 253 253 253 253 253 253 253 253 253 253 253 253 -1 -1 -1 -1 -1 121 121 121 121 121 121 121 121 121 121 121 121 121 121 121 121 121 121 121 121 121 121 121 121 121 121 121 121 121 121 121 -1 -1 -1 
-1 -1 -1 367 367 367 367 367 367 367 367 367 367 367 367 367 367 367 367 367 367 367 367 367 367 367 367 367 367 367 367 367 367 367 -1 -1 -1 -1 -1 268 267 266 265 264 263 262 261 260 259 258 257 256 255 254 254 254 254 254 254 254 254 254 254 254 254 254 254 254 254 254 254 254 254 254 254 254 254 254 254 254 254 254 254 254 254 254 254 254 254 -1 -1 -1 -1 -1 120 120 120 120 120 120 120 120 120 120 120 120 120 120 120 120 120 120 120 120 120 120 120 120 120 120 120 120 120 120 120 -1 -1 -1 
-1 -1 -1 0 0 0 0 0 0 0 0 0 0 0 0 0 0 0 0 0 0 0 0 0 0 0 0 0 0 0 0 0 0 0 0 0 0 -1 -1 268 267 266 265 264 263 262 261 260 259 258 257 256 255 255 255 255 255 255 255 255 255 255 255 255 255 255 255 255 255 255 255 255 255 255 255 255 255 255 255 255 255 255 255 255 255 255 255 255 255 -1 -1 -1 -1 -1 119 119 119 119 119 119 119 119 119 119 119 119 119 119 119 119 119 119 119 119 119 119 119 119 119 119 119 119 119 119 120 -1 -1 -1 
-1 -1 -1 7 6 5 4 3 2 1 1 1 1 1 1 1 1 1 1 1 1 1 1 1 1 1 1 1 1 2 3 4 5 6 -1 -1 -1 -1 -1 268 267 266 265 264 263 262 261 260 259 258 257 256 256 256 256 256 256 256 256 256 256 256 256 256 256 256 256 256 256 256 256 256 256 256 256 256 256 256 256 256 256 256 256 256 256 256 256 256 256 -1 -1 -1 -1 -1 118 118 118 118 118 118 118 118 118 118 118 118 118 118 118 118 118 118 118 118 118 118 118 118 118 118 118 118 118 119 120 -1 -1 -1 
-1 -1 -1 7 6 5 4 3 2 2 2 2 2 2 2 2 2 2 2 2 2 2 2 2 2 2 2 2 2 2 3 4 5 6 -1 -1 -1 -1 -1 268 267 266 265 264 263 262 261 260 259 258 257 257 257 257 257 257 257 257 257 257 257 257 257 257 257 257 257 257 257 257 257 257 257 257 257 257 257 257 257 257 257 257 257 257 257 257 257 257 257 -1 -1 -1 -1 -1 117 117 117 117 117 117 117 117 117 117 117 117 117 117 117 117 117 117 117 117 117 117 117 117 117 117 117 117 118 119 120 -1 -1 -1 
-1 -1 -1 7 6 5 4 3 3 3 3 3 3 3 3 3 3 3 3 3 3 3 3 3 3 3 3 3 3 3 3 4 5 6 -1 -1 -1 -1 -1 268 267 266 265 264 263 262 261 260 259 258 258 258 258 258 258 258 258 258 258 258 258 258 258 258 258 258 258 258 258 258 258 258 258 258 258 258 258 258 258 258 258 258 258 258 258 258 258 258 258 -1 -1 -1 -1 -1 116 116 116 116 116 116 116 116 116 116 116 116 116 116 116 116 116 116 116 116 116 116 116 116 116 116 116 117 118 119 120 -1 -1 -1 
-1 -1 -1 7 6 5 4 4 4 4 4 4 4 4 4 4 4 4 4 4 4 4 4 4 4 4 4 4 4 4 4 4 5 6 -1 -1 -1 -1 -1 268 267 266 265 264 263 262 261 260 259 259 259 259 259 259 259 259 259 259 259 259 259 259 259 259 259 259 259 259 259 259 259 259 259 259 259 259 259 259 259 259 259 259 259 259 259 259 259 259 259 -1 -1 -1 -1 -1 115 115 115 115 115 115 115 115 115 115 115 115 115 115 115 115 115 115 115 115 115 115 115 115 115 115 116 117 118 119 120 -1 -1 -1 
-1 -1 -1 7 6 5 5 5 5 5 5 5 5 5 5 5 5 5 5 5 5 5 5 5 5 5 5 5 5 5 5 5 5 6 -1 -1 -1 -1 -1 268 267 266 265 264 263 262 261 260 260 260 260 260 260 260 260 260 260 260 260 260 260 260 260 260 260 260 260 260 260 260 260 260 260 260 260 260 260 260 260 260 260 260 260 260 260 260 260 260 260 -1 -1 -1 -1 -1 114 114 114 114 114 114 114 114 114 114 114 114 114 114 114 114 114 114 114 114 114 114 114 114 114 115 116 117 118 119 120 -1 -1 -1 
-1 -1 -1 7 6 6 6 6 6 6 6 6 6 6 6 6 6 6 6 6 6 6 6 6 6 6 6 6 6 6 6 6 6 6 -1 -1 -1 -1 -1 268 267 266 265 264 263 262 261 261 261 261 261 261 261 261 261 261 261 261 261 261 261 261 261 261 261 261 261 261 261 261 261 261 261 261 261 261 261 261 261 261 261 261 261 261 261 261 261 261 261 -1 -1 -1 -1 -1 113 113 113 113 113 113 113 113 113 113 113 113 113 113 113 113 113 113 113 113 113 113 113 113 114 115 116 117 118 119 120 -1 -1 -1 
-1 -1 -1 7 7 7 7 7 7 7 7 7 7 7 7 7 7 7 7 7 7 7 7 7 7 7 7 7 7 7 7 7 7 7 -1 -1 -1 -1 -1 268 267 266 265 264 263 262 262 262 262 262 262 262 262 262 262 262 262 262 262 262 262 262 262 262 262 262 262 262 262 262 262 262 262 262 262 262 262 262 262 262 262 262 262 262 262 262 262 262 262 -1 -1 -1 -1 -1 112 112 112 112 112 112 112 112 112 112 112 112 112 112 112 112 112 112 112 112 112 112 112 113 114 115 116 117 118 119 120 -1 -1 -1 
-1 -1 -1 8 8 8 8 8 8 8 8 8 8 8 8 8 8 8 8 8 8 8 8 8 8 8 8 8 8 8 8 8 8 8 -1 -1 -1 -1 -1 268 267 266 265 264 263 263 263 263 263 263 263 263 263 263 263 263 263 263 263 263 263 263 263 263 263 263 263 263 263 263 263 263 263 263 263 263 263 263 263 263 263 263 263 263 263 263 263 263 263 -1 -1 -1 -1 -1 111 111 111 111 111 111 111 111 111 111 111 111 111 111 111 111 111 111 111 111 111 111 112 113 114 115 116 117 118 119 120 -1 -1 -1 
-1 -1 -1 9 9 9 9 9 9 9 9 9 9 9 9 9 9 9 9 9 9 9 9 9 9 9 9 9 9 9 9 9 9 9 -1 -1 -1 -1 -1 268 267 266 265 264 264 264 264 264 264 264 264 264 264 264 264 264 264 264 264 264 264 264 264 264 264 264 264 264 264 264 264 264 264 264 264 264 264 264 264 264 264 264 264 264 264 264 264 264 264 -1 -1 -1 -1 -1 110 110 110 110 110 110 110 110 110 110 110 110 110 110 110 110 110 110 110 110 110 111 112 113 114 115 116 117 118 119 120 -1 -1 -1 
-1 -1 -1 10 10 10 10 10 10 10 10 10 10 10 10 10 10 10 10 10 10 10 10 10 10 10 10 10 10 10 10 10 10 10 -1 -1 -1 -1 -1 268 267 266 265 265 265 265 265 265 265 265 265 265 265 265 265 265 265 265 265 265 265 265 265 265 265 265 265 265 265 265 265 265 265 265 265 265 265 265 265 265 265 265 265 265 265 265 265 265 265 -1 -1 -1 -1 -1 109 109 109 109 109 109 109 109 109 109 109 109 109 109 109 109 109 109 109 109 110 111 112 113 114 115 116 117 118 119 120 -1 -1 -1 
-1 -1 -1 11 11 11 11 11 11 11 11 11 11 11 11 11 11 11 11 11 11 11 11 11 11 11 11 11 11 11 11 11 11 11 -1 -1 -1 -1 -1 -1 -1 -1 -1 -1 -1 -1 -1 -1 -1 -1 -1 -1 -1 -1 -1 -1 -1 -1 -1 -1 -1 -1 -1 -1 -1 -1 -1 -1 -1 -1 -1 -1 -1 -1 -1 -1 -1 -1 -1 -1 -1 -1 -1 -1 -1 -1 -1 -1 -1 -1 -1 -1 -1 -1 108 108 108 108 108 108 108 108 108 108 108 108 108 108 108 108 108 108 108 109 110 111 112 113 114 115 116 117 118 119 120 -1 -1 -1 
-1 -1 -1 12 12 12 12 12 12 12 12 12 12 12 12 12 12 12 12 12 12 12 12 12 12 12 12 12 12 12 12 12 12 12 -1 -1 -1 -1 -1 -1 -1 -1 -1 -1 -1 -1 -1 -1 -1 -1 -1 -1 -1 -1 -1 -1 -1 -1 -1 -1 -1 -1 -1 -1 -1 -1 -1 -1 -1 -1 -1 -1 -1 -1 -1 -1 -1 -1 -1 -1 -1 -1 -1 -1 -1 -1 -1 -1 -1 -1 -1 -1 -1 -1 107 107 107 107 107 107 107 107 107 107 107 107 107 107 107 107 107 107 108 109 110 111 112 113 114 115 116 117 118 119 120 -1 -1 -1 
-1 -1 -1 13 13 13 13 13 13 13 13 13 13 13 13 13 13 13 13 13 13 13 13 13 13 13 13 13 13 13 13 13 13 13 -1 -1 -1 -1 -1 -1 -1 -1 -1 -1 -1 -1 -1 -1 -1 -1 -1 -1 -1 -1 -1 -1 -1 -1 -1 -1 -1 -1 -1 -1 -1 -1 -1 -1 -1 -1 -1 -1 -1 -1 -1 -1 -1 -1 -1 -1 -1 -1 -1 -1 -1 -1 -1 -1 -1 -1 -1 -1 -1 -1 106 106 106 106 106 106 106 106 106 106 106 106 106 106 106 106 106 107 108 109 110 111 112 113 114 115 116 117 118 119 120 -1 -1 -1 
-1 -1 -1 14 14 14 14 14 14 14 14 14 14 14 14 14 14 14 14 14 14 14 14 14 14 14 14 14 14 14 14 14 14 14 30 31 32 33 34 35 36 37 38 39 40 41 42 43 44 45 46 47 48 49 50 51 52 53 54 55 56 57 58 59 60 61 62 63 64 65 66 67 68 69 70 71 72 73 74 75 76 77 78 79 80 81 82 83 84 85 86 87 88 89 90 105 105 105 105 105 105 105 105 105 105 105 105 105 105 105 106 107 108 109 110 111 112 113 114 115 116 117 118 119 120 -1 -1 -1 
-1 -1 -1 15 15 15 15 15 15 15 15 15 15 15 15 15 15 15 15 15 15 15 15 15 15 15 15 15 15 15 15 15 15 29 30 31 32 33 34 35 36 37 38 39 40 41 42 43 44 45 46 47 48 49 50 51 52 53 54 55 56 57 58 59 60 61 62 63 64 65 66 67 68 69 70 71 72 73 74 75 76 77 78 79 80 81 82 83 84 85 86 87 88 89 90 91 104 104 104 104 104 104 104 104 104 104 104 104 104 105 106 107 108 109 110 111 112 113 114 115 116 117 118 119 120 -1 -1 -1 
-1 -1 -1 16 16 16 16 16 16 16 16 16 16 16 16 16 16 16 16 16 16 16 16 16 16 16 16 16 16 16 16 16 28 29 30 31 32 33 34 35 36 37 38 39 40 41 42 43 44 45 46 47 48 49 50 51 52 53 54 55 56 57 58 59 60 61 62 63 64 65 66 67 68 69 70 71 72 73 74 75 76 77 78 79 80 81 82 83 84 85 86 87 88 89 90 91 92 103 103 103 103 103 103 103 103 103 103 103 104 105 106 107 108 109 110 111 112 113 114 115 116 117 118 119 120 -1 -1 -1 
-1 -1 -1 17 17 17 17 17 17 17 17 17 17 17 17 17 17 17 17 17 17 17 17 17 17 17 17 17 17 17 17 27 28 29 30 31 32 33 34 35 36 37 38 39 40 41 42 43 44 45 46 47 48 49 50 51 52 53 54 55 56 57 58 59 60 61 62 63 64 65 66 67 68 69 70 71 72 73 74 75 76 77 78 79 80 81 82 83 84 85 86 87 88 89 90 91 92 93 102 102 102 102 102 102 102 102 102 103 104 105 106 107 108 109 110 111 112 113 114 115 116 117 118 119 120 -1 -1 -1 
-1 -1 -1 18 18 18 18 18 18 18 18 18 18 18 18 18 18 18 18 18 18 18 18 18 18 18 18 18 18 18 26 27 28 29 30 31 32 33 34 35 36 37 38 39 40 41 42 43 44 45 46 47 48 49 50 51 52 53 54 55 56 57 58 59 60 61 62 63 64 65 66 67 68 69 70 71 72 73 74 75 76 77 78 79 80 81 82 83 84 85 86 87 88 89 90 91 92 93 94 101 101 101 101 101 101 101 102 103 104 105 106 107 108 109 110 111 112 113 114 115 116 117 118 119 120 -1 -1 -1 
-1 -1 -1 19 19 19 19 19 19 19 19 19 19 19 19 19 19 19 19 19 19 19 19 19 19 19 19 19 19 25 26 27 28 29 30 31 32 33 34 35 36 37 38 39 40 41 42 43 44 45 46 47 48 49 50 51 52 53 54 55 56 57 58 59 60 61 62 63 64 65 66 67 68 69 70 71 72 73 74 75 76 77 78 79 80 81 82 83 84 85 86 87 88 89 90 91 92 93 94 95 100 100 100 100 100 101 102 103 104 105 106 107 108 109 110 111 112 113 114 115 116 117 118 119 120 -1 -1 -1 
-1 -1 -1 20 20 20 20 20 20 20 20 20 20 20 20 20 20 20 20 20 20 20 20 20 20 20 20 20 24 25 26 27 28 29 30 31 32 33 34 35 36 37 38 39 40 41 42 43 44 45 46 47 48 49 50 51 52 53 54 55 56 57 58 59 60 61 62 63 64 65 66 67 68 69 70 71 72 73 74 75 76 77 78 79 80 81 82 83 84 85 86 87 88 89 90 91 92 93 94 95 96 99 99 99 100 101 102 103 104 105 106 107 108 109 110 111 112 113 114 115 116 117 118 119 120 -1 -1 -1 
-1 -1 -1 21 21 21 21 21 21 21 21 21 21 21 21 21 21 21 21 21 21 21 21 21 21 21 21 23 24 25 26 27 28 29 30 31 32 33 34 35 36 37 38 39 40 41 42 43 44 45 46 47 48 49 50 51 52 53 54 55 56 57 58 59 60 61 62 63 64 65 66 67 68 69 70 71 72 73 74 75 76 77 78 79 80 81 82 83 84 85 86 87 88 89 90 91 92 93 94 95 96 97 98 99 100 101 102 103 104 105 106 107 108 109 110 111 112 113 114 115 116 117 118 119 120 -1 -1 -1 
-1 -1 -1 22 22 22 22 22 22 22 22 22 22 22 22 22 22 22 22 22 22 22 22 22 22 22 22 23 24 25 26 27 28 29 30 31 32 33 34 35 36 37 38 39 40 41 42 43 44 45 46 47 48 49 50 51 52 53 54 55 56 57 58 59 60 61 62 63 64 65 66 67 68 69 70 71 72 73 74 75 76 77 78 79 80 81 82 83 84 85 86 87 88 89 90 91 92 93 94 95 96 97 98 99 100 101 102 103 104 105 106 107 108 109 110 111 112 113 114 115 116 117 118 119 120 -1 -1 -1 
-1 -1 -1 23 23 23 23 23 23 23 23 23 23 23 23 23 23 23 23 23 23 23 23 23 23 23 23 23 24 25 26 27 28 29 30 31 32 33 34 35 36 37 38 39 40 41 42 43 44 45 46 47 48 49 50 51 52 53 54 55 56 57 58 59 60 61 62 63 64 65 66 67 68 69 70 71 72 73 74 75 76 77 78 79 80 81 82 83 84 85 86 87 88 89 90 91 92 93 94 95 96 97 98 99 100 101 102 103 104 105 106 107 108 109 110 111 112 113 114 115 116 117 118 119 120 -1 -1 -1 
-1 -1 -1 24 24 24 24 24 24 24 24 24 24 24 24 24 24 24 24 24 24 24 24 24 24 24 24 24 24 25 26 27 28 29 30 31 32 33 34 35 36 37 38 39 40 41 42 43 44 45 46 47 48 49 50 51 52 53 54 55 56 57 58 59 60 61 62 63 64 65 66 67 68 69 70 71 72 73 74 75 76 77 78 79 80 81 82 83 84 85 86 87 88 89 90 91 92 93 94 95 96 97 98 99 100 101 102 103 104 105 106 107 108 109 110 111 112 113 114 115 116 117 118 119 120 -1 -1 -1 
-1 -1 -1 25 25 25 25 25 25 25 25 25 25 25 25 25 25 25 25 25 25 25 25 25 25 25 25 25 25 25 26 27 28 29 30 31 32 33 34 35 36 37 38 39 40 41 42 43 44 45 46 47 48 49 50 51 52 53 54 55 56 57 58 59 60 61 62 63 64 65 66 67 68 69 70 71 72 73 74 75 76 77 78 79 80 81 82 83 84 85 86 87 88 89 90 91 92 93 94 95 96 97 98 99 100 101 102 103 104 105 106 107 108 109 110 111 112 113 114 115 116 117 118 119 120 -1 -1 -1 
-1 -1 -1 26 26 26 26 26 26 26 26 26 26 26 26 26 26 26 26 26 26 26 26 26 26 26 26 26 26 26 26 27 28 29 30 31 32 33 34 35 36 37 38 39 40 41 42 43 44 45 46 47 48 49 50 51 52 53 54 55 56 57 58 59 60 61 62 63 64 65 66 67 68 69 70 71 72 73 74 75 76 77 78 79 80 81 82 83 84 85 86 87 88 89 90 91 92 93 94 95 96 97 98 99 100 101 102 103 104 105 106 107 108 109 110 111 112 113 114 115 116 117 118 119 120 -1 -1 -1 
-1 -1 -1 27 27 27 27 27 27 27 27 27 27 27 27 27 27 27 27 27 27 27 27 27 27 27 27 27 27 27 27 27 28 29 30 31 32 33 34 35 36 37 38 39 40 41 42 43 44 45 46 47 48 49 50 51 52 53 54 55 56 57 58 59 60 61 62 63 64 65 66 67 68 69 70 71 72 73 74 75 76 77 78 79 80 81 82 83 84 85 86 87 88 89 90 91 92 93 94 95 96 97 98 99 100 101 102 103 104 105 106 107 108 109 110 111 112 113 114 115 116 117 118 119 120 -1 -1 -1 
-1 -1 -1 28 28 28 28 28 28 28 28 28 28 28 28 28 28 28 28 28 28 28 28 28 28 28 28 28 28 28 28 28 28 29 30 31 32 33 34 35 36 37 38 39 40 41 42 43 44 45 46 47 48 49 50 51 52 53 54 55 56 57 58 59 60 61 62 63 64 65 66 67 68 69 70 71 72 73 74 75 76 77 78 79 80 81 82 83 84 85 86 87 88 89 90 91 92 93 94 95 96 97 98 99 100 101 102 103 104 105 106 107 108 109 110 111 112 113 114 115 116 117 118 119 120 -1 -1 -1 
-1 -1 -1 29 29 29 29 29 29 29 29 29 29 29 29 29 29 29 29 29 29 29 29 29 29 29 29 29 29 29 29 29 29 29 30 31 32 33 34 35 36 37 38 39 40 41 42 43 44 45 46 47 48 49 50 51 52 53 54 55 56 57 58 59 60 61 62 63 64 65 66 67 68 69 70 71 72 73 74 75 76 77 78 79 80 81 82 83 84 85 86 87 88 89 90 91 92 93 94 95 96 97 98 99 100 101 102 103 104 105 106 107 108 109 110 111 112 113 114 115 116 117 118 119 120 -1 -1 -1 
-1 -1 -1 30 30 30 30 30 30 30 30 30 30 30 30 30 30 30 30 30 30 30 30 30 30 30 30 30 30 30 30 30 30 30 30 31 32 33 34 35 36 37 38 39 40 41 42 43 44 45 46 47 48 49 50 51 52 53 54 55 56 57 58 59 60 61 62 63 64 65 66 67 68 69 70 71 72 73 74 75 76 77 78 79 80 81 82 83 84 85 86 87 88 89 90 91 92 93 94 95 96 97 98 99 100 101 102 103 104 105 106 107 108 109 110 111 112 113 114 115 116 117 118 119 120 -1 -1 -1 
-1 -1 -1 31 31 31 31 31 31 31 31 31 31 31 31 31 31 31 31 31 31 31 31 31 31 31 31 31 31 31 31 31 31 31 31 31 32 33 34 35 36 37 38 39 40 41 42 43 44 45 46 47 48 49 50 51 52 53 54 55 56 57 58 59 60 61 62 63 64 65 66 67 68 69 70 71 72 73 74 75 76 77 78 79 80 81 82 83 84 85 86 87 88 89 90 91 92 93 94 95 96 97 98 99 100 101 102 103 104 105 106 107 108 109 110 111 112 113 114 115 116 117 118 119 120 -1 -1 -1 
-1 -1 -1 32 32 32 32 32 32 32 32 32 32 32 32 32 32 32 32 32 32 32 32 32 32 32 32 32 32 32 32 32 32 32 32 32 32 33 34 35 36 37 38 39 40 41 42 43 44 45 46 47 48 49 50 51 52 53 54 55 56 57 58 59 60 61 62 63 64 65 66 67 68 69 70 71 72 73 74 75 76 77 78 79 80 81 82 83 84 85 86 87 88 89 90 91 92 93 94 95 96 97 98 99 100 101 102 103 104 105 106 107 108 109 110 111 112 113 114 115 116 117 118 119 120 -1 -1 -1 
-1 -1 -1 33 33 33 33 33 33 33 33 33 33 33 33 33 33 33 33 33 33 33 33 33 33 33 33 33 33 33 33 33 33 33 33 33 33 33 34 35 36 37 38 39 40 41 42 43 44 45 46 47 48 49 50 51 52 53 54 55 56 57 58 59 60 61 62 63 64 65 66 67 68 69 70 71 72 73 74 75 76 77 78 79 80 81 82 83 84 85 86 87 88 89 90 91 92 93 94 95 96 97 98 99 100 101 102 103 104 105 106 107 108 109 110 111 112 113 114 115 116 117 118 119 120 -1 -1 -1 
-1 -1 -1 34 34 34 34 34 34 34 34 34 34 34 34 34 34 34 34 34 34 34 34 34 34 34 34 34 34 34 34 34 34 34 34 34 34 34 34 35 36 37 38 39 40 41 42 43 44 45 46 47 48 49 50 51 52 53 54 55 56 57 58 59 60 61 62 63 64 65 66 67 68 69 70 71 72 73 74 75 76 77 78 79 80 81 82 83 84 85 86 87 88 89 90 91 92 93 94 95 96 97 98 99 100 101 102 103 104 105 106 107 108 109 110 111 112 113 114 115 116 117 118 119 120 -1 -1 -1 
-1 -1 -1 35 35 35 35 35 35 35 35 35 35 35 35 35 35 35 35 35 35 35 35 35 35 35 35 35 35 35 35 35 35 35 35 35 35 35 35 35 36 37 38 39 40 41 42 43 44 45 46 47 48 49 50 51 52 53 54 55 56 57 58 59 60 61 62 63 64 65 66 67 68 69 70 71 72 73 74 75 76 77 78 79 80 81 82 83 84 85 86 87 88 89 90 91 92 93 94 95 96 97 98 99 100 101 102 103 104 105 106 107 108 109 110 111 112 113 114 115 116 117 118 119 120 -1 -1 -1 
-1 -1 -1 36 36 36 36 36 36 36 36 36 36 36 36 36 36 36 36 36 36 36 36 36 36 36 36 36 36 36 36 36 36 36 36 36 36 36 36 36 36 37 38 39 40 41 42 43 44 45 46 47 48 49 50 51 52 53 54 55 56 57 58 59 60 61 62 63 64 65 66 67 68 69 70 71 72 73 74 75 76 77 78 79 80 81 82 83 84 85 86 87 88 89 90 91 92 93 94 95 96 97 98 99 100 101 102 103 104 105 106 107 108 109 110 111 112 113 114 115 116 117 118 119 120 -1 -1 -1 
-1 -1 -1 37 37 37 37 37 37 37 37 37 37 37 37 37 37 37 37 37 37 37 37 37 37 37 37 37 37 37 37 37 37 37 37 37 37 37 37 37 37 37 38 39 40 41 42 43 44 45 46 47 48 49 50 51 52 53 54 55 56 57 58 59 60 61 62 63 64 65 66 67 68 69 70 71 72 73 74 75 76 77 78 79 80 81 82 83 84 85 86 87 88 89 90 91 92 93 94 95 96 97 98 99 100 101 102 103 104 105 106 107 108 109 110 111 112 113 114 115 116 117 118 119 120 -1 -1 -1 
-1 -1 -1 38 38 38 38 38 38 38 38 38 38 38 38 38 38 38 38 38 38 38 38 38 38 38 38 38 38 38 38 38 38 38 38 38 38 38 38 38 38 38 38 39 40 41 42 43 44 45 46 47 48 49 50 51 52 53 54 55 56 57 58 59 60 61 62 63 64 65 66 67 68 69 70 71 72 73 74 75 76 77 78 79 80 81 82 83 84 85 86 87 88 89 90 91 92 93 94 95 96 97 98 99 100 101 102 103 104 105 106 107 108 109 110 111 112 113 114 115 116 117 118 119 120 -1 -1 -1 
-1 -1 -1 39 39 39 39 39 39 39 39 39 39 39 39 39 39 39 39 39 39 39 39 39 39 39 39 39 39 39 39 39 39 39 39 39 39 39 39 39 39 39 39 39 40 41 42 43 44 45 46 47 48 49 50 51 52 53 54 55 56 57 58 59 60 61 62 63 64 65 66 67 68 69 70 71 72 73 74 75 76 77 78 79 80 81 82 83 84 85 86 87 88 89 90 91 92 93 94 95 96 97 98 99 100 101 102 103 104 105 106 107 108 109 110 111 112 113 114 115 116 117 118 119 120 -1 -1 -1 
-1 -1 -1 -1 -1 -1 -1 -1 -1 -1 -1 -1 -1 -1 -1 -1 -1 -1 -1 -1 -1 -1 -1 -1 -1 -1 -1 -1 -1 -1 -1 -1 -1 -1 -1 -1 -1 -1 -1 -1 -1 -1 -1 -1 -1 -1 -1 -1 -1 -1 -1 -1 -1 -1 -1 -1 -1 -1 -1 -1 -1 -1 -1 -1 -1 -1 -1 -1 -1 -1 -1 -1 -1 -1 -1 -1 -1 -1 -1 -1 -1 -1 -1 -1 -1 -1 -1 -1 -1 -1 -1 -1 -1 -1 -1 -1 -1 -1 -1 -1 -1 -1 -1 -1 -1 -1 -1 -1 -1 -1 -1 -1 -1 -1 -1 -1 -1 -1 -1 -1 -1 -1 -1 -1 -1 -1 -1 -1 
-1 -1 -1 -1 -1 -1 -1 -1 -1 -1 -1 -1 -1 -1 -1 -1 -1 -1 -1 -1 -1 -1 -1 -1 -1 -1 -1 -1 -1 -1 -1 -1 -1 -1 -1 -1 -1 -1 -1 -1 -1 -1 -1 -1 -1 -1 -1 -1 -1 -1 -1 -1 -1 -1 -1 -1 -1 -1 -1 -1 -1 -1 -1 -1 -1 -1 -1 -1 -1 -1 -1 -1 -1 -1 -1 -1 -1 -1 -1 -1 -1 -1 -1 -1 -1 -1 -1 -1 -1 -1 -1 -1 -1 -1 -1 -1 -1 -1 -1 -1 -1 -1 -1 -1 -1 -1 -1 -1 -1 -1 -1 -1 -1 -1 -1 -1 -1 -1 -1 -1 -1 -1 -1 -1 -1 -1 -1 -1 
-1 -1 -1 -1 -1 -1 -1 -1 -1 -1 -1 -1 -1 -1 -1 -1 -1 -1 -1 -1 -1 -1 -1 -1 -1 -1 -1 -1 -1 -1 -1 -1 -1 -1 -1 -1 -1 -1 -1 -1 -1 -1 -1 -1 -1 -1 -1 -1 -1 -1 -1 -1 -1 -1 -1 -1 -1 -1 -1 -1 -1 -1 -1 -1 -1 -1 -1 -1 -1 -1 -1 -1 -1 -1 -1 -1 -1 -1 -1 -1 -1 -1 -1 -1 -1 -1 -1 -1 -1 -1 -1 -1 -1 -1 -1 -1 -1 -1 -1 -1 -1 -1 -1 -1 -1 -1 -1 -1 -1 -1 -1 -1 -1 -1 -1 -1 -1 -1 -1 -1 -1 -1 -1 -1 -1 -1 -1 -1 
357
